2.0 22.60895136 -0.400390625 1.1972405000000002 0.620078731 85.70155074 860.0 -11.25489938
1.62 17.35595912 -0.264423077 1.336364536 0.803598715 84.33483396 750.0 -11.59670395
2.06 20.01780488 -0.36637931 1.3896769690000002 0.769470978 86.79573993 965.0 -11.33465714
1.8 6.561576 -0.5 1.3779050309999998 0.763230027 85.72100355 955.0 -11.25729553632696
2.06 20.01780488 -0.36637931 1.3896769690000002 0.769470978 86.79573993 765.0 -11.58927575
1.8 6.561576 -0.5 1.3779050309999998 0.763230027 85.72100355 900.0 -11.304638946245019
1.6875 15.51457956 -0.393939394 1.262314605 0.5 85.19452266 840.0 -11.123603951939577
2.0 22.60895136 -0.400390625 1.1972405000000002 0.620078731 85.70155074 735.0 -11.36504982
2.0 22.60895136 -0.400390625 1.1972405000000002 0.620078731 85.70155074 900.0 -11.22104072
1.8 6.561576 -0.5 1.3779050309999998 0.763230027 85.72100355 1360.0 -10.970585366338927
2.0 22.60895136 -0.400390625 1.1972405000000002 0.620078731 83.87988921 1090.0 -11.08080695
2.0 22.60895136 -0.400390625 1.1972405000000002 0.620078731 83.87988921 1365.0 -10.87981371
1.62 17.35595912 -0.264423077 1.336364536 0.803598715 84.33483396 1030.0 -11.27899372
1.6875 15.51457956 -0.393939394 1.262314605 0.5 85.19452266 1045.0 -10.85797616666094
1.5735294119999998 18.54869726 -0.23 1.3595404830000002 0.820010419 84.37750464 1390.0 -11.10162905
1.62 17.35595912 -0.264423077 1.336364536 0.803598715 84.33483396 1475.0 -10.89821053
2.06 20.01780488 -0.36637931 1.3896769690000002 0.769470978 86.79573993 1295.0 -11.01299737
2.0 22.60895136 -0.400390625 1.1972405000000002 0.620078731 83.87988921 1175.0 -11.0152649
2.0 22.60895136 -0.400390625 1.1972405000000002 0.620078731 85.70155074 1790.0 -10.62757598
2.0 22.60895136 -0.400390625 1.1972405000000002 0.620078731 83.87988921 1625.0 -10.71545808
1.6875 15.51457956 -0.393939394 1.262314605 0.5 85.19452266 1880.0 -10.203980862041172
1.5735294119999998 18.54869726 -0.23 1.3595404830000002 0.820010419 84.37750464 1730.0 -10.83377737
1.6875 15.51457956 -0.393939394 1.262314605 0.5 84.3436191 1810.0 -10.141602882391533
2.0 22.60895136 -0.400390625 1.1972405000000002 0.620078731 85.70155074 1805.0 -10.61964075
2.0 22.60895136 -0.400390625 1.1972405000000002 0.620078731 85.70155074 1600.0 -10.73288836
2.06 20.01780488 -0.36637931 1.3896769690000002 0.769470978 86.79573993 1525.0 -10.83452515
2.0 22.60895136 -0.400390625 1.1972405000000002 0.620078731 85.70155074 1995.0 -10.52343578
2.06 20.01780488 -0.36637931 1.3896769690000002 0.769470978 86.79573993 745.0 -11.61836119
2.0 22.60895136 -0.400390625 1.1972405000000002 0.620078731 83.87988921 880.0 -11.25777531
1.62 17.35595912 -0.264423077 1.336364536 0.803598715 84.33483396 915.0 -11.39994538
2.375 12.107088000000001 -0.546666667 1.307292369 0.546490491 87.34499943 775.0 -11.200237872665287
1.6875 15.51457956 -0.393939394 1.262314605 0.5 84.3436191 905.0 -11.05106359788235
2.0 22.60895136 -0.400390625 1.1972405000000002 0.620078731 83.87988921 895.0 -11.24437812
1.6875 15.51457956 -0.393939394 1.262314605 0.5 85.19452266 905.0 -11.031219070781681
1.8 6.561576 -0.5 1.3779050309999998 0.763230027 85.72100355 935.0 -11.274216546156339
2.0 22.60895136 -0.400390625 1.1972405000000002 0.620078731 85.70155074 875.0 -11.24211983
1.5735294119999998 18.54869726 -0.23 1.3595404830000002 0.820010419 84.37750464 1060.0 -11.42879414
2.0 22.60895136 -0.400390625 1.1972405000000002 0.620078731 85.83081779999999 1360.0 -10.74180287
1.6875 15.51457956 -0.393939394 1.262314605 0.5 84.3436191 1175.0 -10.683385844972111
2.06 20.01780488 -0.36637931 1.3896769690000002 0.769470978 86.79573993 1390.0 -10.93569002
2.0 22.60895136 -0.400390625 1.1972405000000002 0.620078731 85.70155074 1385.0 -10.86416091
2.0 22.60895136 -0.400390625 1.1972405000000002 0.620078731 85.70155074 1495.0 -10.7952545
2.375 12.107088000000001 -0.546666667 1.307292369 0.546490491 87.34499943 1365.0 -10.653942377858119
1.62 17.35595912 -0.264423077 1.336364536 0.803598715 84.33483396 1180.0 -11.13708488
1.62 17.35595912 -0.264423077 1.336364536 0.803598715 85.27547145 1080.0 -11.16498898
1.6875 15.51457956 -0.393939394 1.262314605 0.5 85.19452266 1570.0 -10.397109441847686
1.8 6.561576 -0.5 1.3779050309999998 0.763230027 85.72100355 1775.0 -10.750491695371785
1.62 17.35595912 -0.264423077 1.336364536 0.803598715 85.27547145 1780.0 -10.64478258
2.0 22.60895136 -0.400390625 1.1972405000000002 0.620078731 85.70155074 1980.0 -10.53075496
2.375 12.107088000000001 -0.546666667 1.307292369 0.546490491 87.34499943 1855.0 -10.345564793125707
2.0 22.60895136 -0.400390625 1.1972405000000002 0.620078731 85.83081779999999 1505.0 -10.64277315
1.5735294119999998 18.54869726 -0.23 1.3595404830000002 0.820010419 84.37750464 1700.0 -10.85529447
1.8 6.561576 -0.5 1.3779050309999998 0.763230027 85.72100355 1735.0 -10.76944135308024
2.375 12.107088000000001 -0.546666667 1.307292369 0.546490491 87.34499943 1680.0 -10.445910714439883
2.06 20.01780488 -0.36637931 1.3896769690000002 0.769470978 86.79573993 885.0 -11.4294576
1.8 6.561576 -0.5 1.3779050309999998 0.763230027 85.72100355 770.0 -11.42789369000579
1.6875 15.51457956 -0.393939394 1.262314605 0.5 85.19452266 850.0 -11.108807382066827
1.8 6.561576 -0.5 1.3779050309999998 0.763230027 85.72100355 720.0 -11.480321289424316
1.6875 15.51457956 -0.393939394 1.262314605 0.5 84.3436191 825.0 -11.190797165169663
2.375 12.107088000000001 -0.546666667 1.307292369 0.546490491 87.34499943 880.0 -11.080881028000471
2.06 20.01780488 -0.36637931 1.3896769690000002 0.769470978 86.79573993 900.0 -11.41103979
2.0 22.60895136 -0.400390625 1.1972405000000002 0.620078731 85.70155074 700.0 -11.39692453
1.6875 15.51457956 -0.393939394 1.262314605 0.5 84.3436191 935.0 -11.003088600886965
2.0 22.60895136 -0.400390625 1.1972405000000002 0.620078731 85.70155074 1120.0 -11.04739324
2.0 22.60895136 -0.400390625 1.1972405000000002 0.620078731 85.70155074 1035.0 -11.11199781
1.62 17.35595912 -0.264423077 1.336364536 0.803598715 84.33483396 1395.0 -10.95853168
2.0 22.60895136 -0.400390625 1.1972405000000002 0.620078731 85.83081779999999 1030.0 -11.00040335
2.0 22.60895136 -0.400390625 1.1972405000000002 0.620078731 83.87988921 1360.0 -10.88319834
2.0 22.60895136 -0.400390625 1.1972405000000002 0.620078731 85.70155074 1240.0 -10.96118469
2.0 22.60895136 -0.400390625 1.1972405000000002 0.620078731 83.87988921 1225.0 -10.97820002
2.0 22.60895136 -0.400390625 1.1972405000000002 0.620078731 83.87988921 1455.0 -10.82041199
2.0 22.60895136 -0.400390625 1.1972405000000002 0.620078731 85.83081779999999 1335.0 -10.75968672
1.8 6.561576 -0.5 1.3779050309999998 0.763230027 85.72100355 1565.0 -10.854923547394474
1.62 17.35595912 -0.264423077 1.336364536 0.803598715 85.27547145 1850.0 -10.60385642
1.6875 15.51457956 -0.393939394 1.262314605 0.5 84.3436191 1810.0 -10.141602882391533
2.0 22.60895136 -0.400390625 1.1972405000000002 0.620078731 85.83081779999999 1835.0 -10.44291127
2.0 22.60895136 -0.400390625 1.1972405000000002 0.620078731 83.87988921 1830.0 -10.59985298
2.0 22.60895136 -0.400390625 1.1972405000000002 0.620078731 85.83081779999999 1525.0 -10.62970449
2.375 12.107088000000001 -0.546666667 1.307292369 0.546490491 87.34499943 1715.0 -10.425082860701561
1.62 17.35595912 -0.264423077 1.336364536 0.803598715 85.27547145 1645.0 -10.72817349
2.0 22.60895136 -0.400390625 1.1972405000000002 0.620078731 85.70155074 1670.0 -10.6930145
1.6875 15.51457956 -0.393939394 1.262314605 0.5 84.3436191 910.0 -11.042913669846934
1.6875 15.51457956 -0.393939394 1.262314605 0.5 85.19452266 830.0 -11.138628187255918
2.06 20.01780488 -0.36637931 1.3896769690000002 0.769470978 86.79573993 725.0 -11.64824815
2.0 22.60895136 -0.400390625 1.1972405000000002 0.620078731 85.70155074 705.0 -11.39234853
2.0 22.60895136 -0.400390625 1.1972405000000002 0.620078731 85.70155074 995.0 -11.14346942
2.0 22.60895136 -0.400390625 1.1972405000000002 0.620078731 85.70155074 780.0 -11.32467991
1.8 6.561576 -0.5 1.3779050309999998 0.763230027 85.72100355 765.0 -11.43299802457868
1.6875 15.51457956 -0.393939394 1.262314605 0.5 84.3436191 905.0 -11.05106359788235
2.375 12.107088000000001 -0.546666667 1.307292369 0.546490491 87.34499943 880.0 -11.080881028000471
1.5735294119999998 18.54869726 -0.23 1.3595404830000002 0.820010419 84.37750464 1030.0 -11.46309618
1.6875 15.51457956 -0.393939394 1.262314605 0.5 84.3436191 1025.0 -10.87118241737281
1.62 17.35595912 -0.264423077 1.336364536 0.803598715 84.33483396 1160.0 -11.15509119
2.0 22.60895136 -0.400390625 1.1972405000000002 0.620078731 83.87988921 1185.0 -11.00776618
2.375 12.107088000000001 -0.546666667 1.307292369 0.546490491 87.34499943 1075.0 -10.888724531698285
2.375 12.107088000000001 -0.546666667 1.307292369 0.546490491 87.34499943 1125.0 -10.844456505420967
1.6875 15.51457956 -0.393939394 1.262314605 0.5 84.3436191 1035.0 -10.857518558119807
2.375 12.107088000000001 -0.546666667 1.307292369 0.546490491 87.34499943 1130.0 -10.84012708239334
2.06 20.01780488 -0.36637931 1.3896769690000002 0.769470978 86.79573993 1105.0 -11.18641036
2.0 22.60895136 -0.400390625 1.1972405000000002 0.620078731 85.83081779999999 1940.0 -10.38553383
1.8 6.561576 -0.5 1.3779050309999998 0.763230027 85.72100355 1570.0 -10.85228580043429
1.62 17.35595912 -0.264423077 1.336364536 0.803598715 84.33483396 1865.0 -10.64050499
1.5735294119999998 18.54869726 -0.23 1.3595404830000002 0.820010419 84.37750464 1815.0 -10.77469549
2.0 22.60895136 -0.400390625 1.1972405000000002 0.620078731 85.83081779999999 1995.0 -10.35651379
2.375 12.107088000000001 -0.546666667 1.307292369 0.546490491 87.34499943 1855.0 -10.345564793125707
2.0 22.60895136 -0.400390625 1.1972405000000002 0.620078731 83.87988921 1605.0 -10.72734896
1.6875 15.51457956 -0.393939394 1.262314605 0.5 84.3436191 1570.0 -10.312388344788268
2.0 22.60895136 -0.400390625 1.1972405000000002 0.620078731 85.70155074 1835.0 -10.60392609
2.0 22.60895136 -0.400390625 1.1972405000000002 0.620078731 85.70155074 755.0 -11.34701619
1.8 6.561576 -0.5 1.3779050309999998 0.763230027 85.72100355 840.0 -11.359383197903671
1.8 6.561576 -0.5 1.3779050309999998 0.763230027 85.72100355 970.0 -11.244816116379127
2.06 20.01780488 -0.36637931 1.3896769690000002 0.769470978 86.79573993 810.0 -11.52655237
2.375 12.107088000000001 -0.546666667 1.307292369 0.546490491 87.34499943 940.0 -11.01808187103923
1.6875 15.51457956 -0.393939394 1.262314605 0.5 84.3436191 905.0 -11.05106359788235
1.6875 15.51457956 -0.393939394 1.262314605 0.5 85.19452266 710.0 -11.339469842352505
1.6875 15.51457956 -0.393939394 1.262314605 0.5 85.19452266 845.0 -11.116177620085658
2.0 22.60895136 -0.400390625 1.1972405000000002 0.620078731 83.87988921 845.0 -11.28950416
1.62 17.35595912 -0.264423077 1.336364536 0.803598715 85.27547145 1285.0 -10.98639923
2.0 22.60895136 -0.400390625 1.1972405000000002 0.620078731 85.70155074 1410.0 -10.84816165
1.6875 15.51457956 -0.393939394 1.262314605 0.5 85.19452266 1435.0 -10.495707281529903
1.8 6.561576 -0.5 1.3779050309999998 0.763230027 85.72100355 1285.0 -11.017054699336667
2.0 22.60895136 -0.400390625 1.1972405000000002 0.620078731 83.87988921 1485.0 -10.80122749
1.8 6.561576 -0.5 1.3779050309999998 0.763230027 85.72100355 1430.0 -10.929341322091483
2.375 12.107088000000001 -0.546666667 1.307292369 0.546490491 87.34499943 1305.0 -10.698530432556883
1.62 17.35595912 -0.264423077 1.336364536 0.803598715 84.33483396 1115.0 -11.19659191
1.5735294119999998 18.54869726 -0.23 1.3595404830000002 0.820010419 84.37750464 1015.0 -11.48059472
1.6875 15.51457956 -0.393939394 1.262314605 0.5 84.3436191 1905.0 -10.081732311041746
1.6875 15.51457956 -0.393939394 1.262314605 0.5 84.3436191 1840.0 -10.122278950526313
2.06 20.01780488 -0.36637931 1.3896769690000002 0.769470978 86.79573993 1875.0 -10.60922026
1.62 17.35595912 -0.264423077 1.336364536 0.803598715 85.27547145 1930.0 -10.55883508
1.62 17.35595912 -0.264423077 1.336364536 0.803598715 84.33483396 1990.0 -10.56824763
1.6875 15.51457956 -0.393939394 1.262314605 0.5 85.19452266 1640.0 -10.349834428871178
2.06 20.01780488 -0.36637931 1.3896769690000002 0.769470978 86.79573993 1635.0 -10.75854721
1.62 17.35595912 -0.264423077 1.336364536 0.803598715 85.27547145 1780.0 -10.64478258
1.6875 15.51457956 -0.393939394 1.262314605 0.5 85.19452266 1755.0 -10.277062894005393
1.5735294119999998 18.54869726 -0.23 1.3595404830000002 0.820010419 84.37750464 995.0 -11.50430073
2.375 12.107088000000001 -0.546666667 1.307292369 0.546490491 87.34499943 865.0 -11.097159253087323
1.6875 15.51457956 -0.393939394 1.262314605 0.5 84.3436191 810.0 -11.219160335030852
2.375 12.107088000000001 -0.546666667 1.307292369 0.546490491 87.34499943 875.0 -11.086280327299306
1.6875 15.51457956 -0.393939394 1.262314605 0.5 84.3436191 855.0 -11.136223942075837
2.0 22.60895136 -0.400390625 1.1972405000000002 0.620078731 85.83081779999999 700.0 -11.31845931
1.62 17.35595912 -0.264423077 1.336364536 0.803598715 85.27547145 715.0 -11.57512216
1.5735294119999998 18.54869726 -0.23 1.3595404830000002 0.820010419 84.37750464 805.0 -11.75422949
2.375 12.107088000000001 -0.546666667 1.307292369 0.546490491 87.34499943 915.0 -11.043812273174606
2.375 12.107088000000001 -0.546666667 1.307292369 0.546490491 87.34499943 1105.0 -10.861948427108743
1.8 6.561576 -0.5 1.3779050309999998 0.763230027 85.72100355 1165.0 -11.096975070457127
2.0 22.60895136 -0.400390625 1.1972405000000002 0.620078731 85.83081779999999 1185.0 -10.87255673
1.62 17.35595912 -0.264423077 1.336364536 0.803598715 84.33483396 1295.0 -11.03836537
1.62 17.35595912 -0.264423077 1.336364536 0.803598715 85.27547145 1255.0 -11.01083889
2.0 22.60895136 -0.400390625 1.1972405000000002 0.620078731 83.87988921 1255.0 -10.95646459
1.62 17.35595912 -0.264423077 1.336364536 0.803598715 85.27547145 1430.0 -10.87519652
1.6875 15.51457956 -0.393939394 1.262314605 0.5 84.3436191 1350.0 -10.50140801993538
1.8 6.561576 -0.5 1.3779050309999998 0.763230027 85.72100355 1100.0 -11.143529636870358
1.62 17.35595912 -0.264423077 1.336364536 0.803598715 84.33483396 1910.0 -10.61399503
1.62 17.35595912 -0.264423077 1.336364536 0.803598715 84.33483396 1635.0 -10.78582508
1.6875 15.51457956 -0.393939394 1.262314605 0.5 85.19452266 1835.0 -10.229626871530103
1.62 17.35595912 -0.264423077 1.336364536 0.803598715 85.27547145 1995.0 -10.52353592
1.62 17.35595912 -0.264423077 1.336364536 0.803598715 84.33483396 1685.0 -10.75272616
1.5735294119999998 18.54869726 -0.23 1.3595404830000002 0.820010419 84.37750464 1810.0 -10.77809684
1.62 17.35595912 -0.264423077 1.336364536 0.803598715 84.33483396 1505.0 -10.8763355
1.6875 15.51457956 -0.393939394 1.262314605 0.5 85.19452266 1810.0 -10.244189803906226
2.0 22.60895136 -0.400390625 1.1972405000000002 0.620078731 85.83081779999999 1875.0 -10.420736999999999
1.62 17.35595912 -0.264423077 1.336364536 0.803598715 84.33483396 900.0 -11.41661995
1.8 6.561576 -0.5 1.3779050309999998 0.763230027 85.72100355 835.0 -11.364103352434821
2.06 20.01780488 -0.36637931 1.3896769690000002 0.769470978 86.79573993 740.0 -11.62575608
2.0 22.60895136 -0.400390625 1.1972405000000002 0.620078731 85.70155074 950.0 -11.17971455
1.62 17.35595912 -0.264423077 1.336364536 0.803598715 84.33483396 780.0 -11.55859135
1.8 6.561576 -0.5 1.3779050309999998 0.763230027 85.72100355 720.0 -11.480321289424316
2.0 22.60895136 -0.400390625 1.1972405000000002 0.620078731 85.83081779999999 950.0 -11.07143996
1.6875 15.51457956 -0.393939394 1.262314605 0.5 85.19452266 960.0 -10.95939068201303
2.06 20.01780488 -0.36637931 1.3896769690000002 0.769470978 86.79573993 830.0 -11.49979878
1.62 17.35595912 -0.264423077 1.336364536 0.803598715 84.33483396 1040.0 -11.26901048
2.0 22.60895136 -0.400390625 1.1972405000000002 0.620078731 85.70155074 1355.0 -10.8836338
2.0 22.60895136 -0.400390625 1.1972405000000002 0.620078731 83.87988921 1005.0 -11.14974724
2.06 20.01780488 -0.36637931 1.3896769690000002 0.769470978 86.79573993 1490.0 -10.85986057
2.0 22.60895136 -0.400390625 1.1972405000000002 0.620078731 85.70155074 1080.0 -11.07741641
2.0 22.60895136 -0.400390625 1.1972405000000002 0.620078731 85.70155074 1370.0 -10.87385959
2.06 20.01780488 -0.36637931 1.3896769690000002 0.769470978 86.79573993 1060.0 -11.23188813
1.5735294119999998 18.54869726 -0.23 1.3595404830000002 0.820010419 84.37750464 1060.0 -11.42879414
1.5735294119999998 18.54869726 -0.23 1.3595404830000002 0.820010419 84.37750464 1350.0 -11.13714042
2.06 20.01780488 -0.36637931 1.3896769690000002 0.769470978 86.79573993 1900.0 -10.59478528
1.5735294119999998 18.54869726 -0.23 1.3595404830000002 0.820010419 84.37750464 1530.0 -10.98452123
1.62 17.35595912 -0.264423077 1.336364536 0.803598715 84.33483396 1675.0 -10.75927445
1.5735294119999998 18.54869726 -0.23 1.3595404830000002 0.820010419 84.37750464 1885.0 -10.72799683
1.62 17.35595912 -0.264423077 1.336364536 0.803598715 85.27547145 1625.0 -10.74106965
2.375 12.107088000000001 -0.546666667 1.307292369 0.546490491 87.34499943 1665.0 -10.454961165198897
2.0 22.60895136 -0.400390625 1.1972405000000002 0.620078731 85.83081779999999 1800.0 -10.46264605
1.8 6.561576 -0.5 1.3779050309999998 0.763230027 85.72100355 1805.0 -10.736545404091439
1.6875 15.51457956 -0.393939394 1.262314605 0.5 85.19452266 1550.0 -10.411072010388375
2.0 22.60895136 -0.400390625 1.1972405000000002 0.620078731 85.70155074 845.0 -11.26777704
2.375 12.107088000000001 -0.546666667 1.307292369 0.546490491 87.34499943 725.0 -11.261957543119706
2.06 20.01780488 -0.36637931 1.3896769690000002 0.769470978 86.79573993 790.0 -11.55398262
1.6875 15.51457956 -0.393939394 1.262314605 0.5 85.19452266 990.0 -10.922359051759921
1.5735294119999998 18.54869726 -0.23 1.3595404830000002 0.820010419 84.37750464 980.0 -11.52236985
1.8 6.561576 -0.5 1.3779050309999998 0.763230027 85.72100355 795.0 -11.402807535745994
2.0 22.60895136 -0.400390625 1.1972405000000002 0.620078731 85.83081779999999 975.0 -11.04884752
2.06 20.01780488 -0.36637931 1.3896769690000002 0.769470978 86.79573993 980.0 -11.31776895
1.6875 15.51457956 -0.393939394 1.262314605 0.5 85.19452266 925.0 -11.004476979056832
1.6875 15.51457956 -0.393939394 1.262314605 0.5 85.19452266 1055.0 -10.84672262392774
1.5735294119999998 18.54869726 -0.23 1.3595404830000002 0.820010419 84.37750464 1170.0 -11.31028159
2.375 12.107088000000001 -0.546666667 1.307292369 0.546490491 87.34499943 1305.0 -10.698530432556883
2.0 22.60895136 -0.400390625 1.1972405000000002 0.620078731 85.83081779999999 1450.0 -10.67942843
2.0 22.60895136 -0.400390625 1.1972405000000002 0.620078731 85.83081779999999 1230.0 -10.83764905
1.6875 15.51457956 -0.393939394 1.262314605 0.5 85.19452266 1120.0 -10.776650589919198
2.0 22.60895136 -0.400390625 1.1972405000000002 0.620078731 83.87988921 1175.0 -11.0152649
2.375 12.107088000000001 -0.546666667 1.307292369 0.546490491 87.34499943 1125.0 -10.844456505420967
1.8 6.561576 -0.5 1.3779050309999998 0.763230027 85.72100355 1315.0 -10.99816869788209
1.6875 15.51457956 -0.393939394 1.262314605 0.5 84.3436191 1675.0 -10.23384701480424
2.0 22.60895136 -0.400390625 1.1972405000000002 0.620078731 85.83081779999999 1675.0 -10.53581342
1.62 17.35595912 -0.264423077 1.336364536 0.803598715 84.33483396 1685.0 -10.75272616
2.0 22.60895136 -0.400390625 1.1972405000000002 0.620078731 83.87988921 1975.0 -10.52429481
2.0 22.60895136 -0.400390625 1.1972405000000002 0.620078731 85.83081779999999 1970.0 -10.36961982
1.8 6.561576 -0.5 1.3779050309999998 0.763230027 85.72100355 1900.0 -10.693801358663942
2.0 22.60895136 -0.400390625 1.1972405000000002 0.620078731 85.83081779999999 1880.0 -10.41799305
1.6875 15.51457956 -0.393939394 1.262314605 0.5 84.3436191 1895.0 -10.087856760917337
2.0 22.60895136 -0.400390625 1.1972405000000002 0.620078731 85.70155074 1510.0 -10.78614856
1.6875 15.51457956 -0.393939394 1.262314605 0.5 84.3436191 985.0 -10.927736842074886
1.5735294119999998 18.54869726 -0.23 1.3595404830000002 0.820010419 84.37750464 980.0 -11.52236985
1.62 17.35595912 -0.264423077 1.336364536 0.803598715 85.27547145 780.0 -11.49048013
2.0 22.60895136 -0.400390625 1.1972405000000002 0.620078731 85.70155074 725.0 -11.37411789
1.62 17.35595912 -0.264423077 1.336364536 0.803598715 85.27547145 975.0 -11.26865669
2.0 22.60895136 -0.400390625 1.1972405000000002 0.620078731 85.83081779999999 995.0 -11.0310337
2.0 22.60895136 -0.400390625 1.1972405000000002 0.620078731 85.70155074 910.0 -11.21268658
2.0 22.60895136 -0.400390625 1.1972405000000002 0.620078731 83.87988921 905.0 -11.23551333
2.0 22.60895136 -0.400390625 1.1972405000000002 0.620078731 83.87988921 935.0 -11.20923689
2.0 22.60895136 -0.400390625 1.1972405000000002 0.620078731 83.87988921 1415.0 -10.84646296
2.0 22.60895136 -0.400390625 1.1972405000000002 0.620078731 85.70155074 1190.0 -10.99641986
1.5735294119999998 18.54869726 -0.23 1.3595404830000002 0.820010419 84.37750464 1440.0 -11.05857289
1.8 6.561576 -0.5 1.3779050309999998 0.763230027 85.72100355 1140.0 -11.114588100629096
1.62 17.35595912 -0.264423077 1.336364536 0.803598715 84.33483396 1370.0 -10.97800814
1.5735294119999998 18.54869726 -0.23 1.3595404830000002 0.820010419 84.37750464 1230.0 -11.24994873
2.0 22.60895136 -0.400390625 1.1972405000000002 0.620078731 83.87988921 1230.0 -10.97455167
1.6875 15.51457956 -0.393939394 1.262314605 0.5 85.19452266 1400.0 -10.523072534876889
1.8 6.561576 -0.5 1.3779050309999998 0.763230027 85.72100355 1205.0 -11.069513334422988
2.0 22.60895136 -0.400390625 1.1972405000000002 0.620078731 85.83081779999999 1570.0 -10.60078877
1.8 6.561576 -0.5 1.3779050309999998 0.763230027 85.72100355 1900.0 -10.693801358663942
1.62 17.35595912 -0.264423077 1.336364536 0.803598715 85.27547145 1965.0 -10.53969045
2.375 12.107088000000001 -0.546666667 1.307292369 0.546490491 87.34499943 1940.0 -10.299992941842298
1.8 6.561576 -0.5 1.3779050309999998 0.763230027 85.72100355 1775.0 -10.750491695371785
1.8 6.561576 -0.5 1.3779050309999998 0.763230027 85.72100355 1515.0 -10.881749986429575
2.0 22.60895136 -0.400390625 1.1972405000000002 0.620078731 85.83081779999999 1605.0 -10.57875199
1.6875 15.51457956 -0.393939394 1.262314605 0.5 85.19452266 1760.0 -10.274025485778596
2.375 12.107088000000001 -0.546666667 1.307292369 0.546490491 87.34499943 1665.0 -10.454961165198897
2.0 22.60895136 -0.400390625 1.1972405000000002 0.620078731 85.83081779999999 940.0 -11.08057963
2.0 22.60895136 -0.400390625 1.1972405000000002 0.620078731 85.83081779999999 810.0 -11.20494206
2.0 22.60895136 -0.400390625 1.1972405000000002 0.620078731 83.87988921 740.0 -11.38860303
1.62 17.35595912 -0.264423077 1.336364536 0.803598715 85.27547145 785.0 -11.48422032
2.06 20.01780488 -0.36637931 1.3896769690000002 0.769470978 86.79573993 860.0 -11.46086652
2.0 22.60895136 -0.400390625 1.1972405000000002 0.620078731 85.70155074 970.0 -11.16349508
1.6875 15.51457956 -0.393939394 1.262314605 0.5 85.19452266 795.0 -11.193106144205698
2.0 22.60895136 -0.400390625 1.1972405000000002 0.620078731 85.83081779999999 980.0 -11.04437257
1.62 17.35595912 -0.264423077 1.336364536 0.803598715 84.33483396 930.0 -11.38348944
1.8 6.561576 -0.5 1.3779050309999998 0.763230027 85.72100355 1240.0 -11.046173537265386
1.8 6.561576 -0.5 1.3779050309999998 0.763230027 85.72100355 1235.0 -11.049469802969817
1.6875 15.51457956 -0.393939394 1.262314605 0.5 85.19452266 1280.0 -10.623495512757072
1.6875 15.51457956 -0.393939394 1.262314605 0.5 85.19452266 1335.0 -10.57612652548206
2.06 20.01780488 -0.36637931 1.3896769690000002 0.769470978 86.79573993 1290.0 -11.01722292
2.375 12.107088000000001 -0.546666667 1.307292369 0.546490491 87.34499943 1470.0 -10.580069650657997
1.8 6.561576 -0.5 1.3779050309999998 0.763230027 85.72100355 1270.0 -11.02665335045466
2.0 22.60895136 -0.400390625 1.1972405000000002 0.620078731 85.70155074 1260.0 -10.94735481
2.0 22.60895136 -0.400390625 1.1972405000000002 0.620078731 83.87988921 1155.0 -11.0303937
2.375 12.107088000000001 -0.546666667 1.307292369 0.546490491 87.34499943 1860.0 -10.34283024236338
1.6875 15.51457956 -0.393939394 1.262314605 0.5 84.3436191 1985.0 -10.034135048903359
1.62 17.35595912 -0.264423077 1.336364536 0.803598715 85.27547145 1705.0 -10.6903472
2.06 20.01780488 -0.36637931 1.3896769690000002 0.769470978 86.79573993 1670.0 -10.73544758
2.0 22.60895136 -0.400390625 1.1972405000000002 0.620078731 85.83081779999999 1785.0 -10.47120127
1.5735294119999998 18.54869726 -0.23 1.3595404830000002 0.820010419 84.37750464 1715.0 -10.84449097
2.0 22.60895136 -0.400390625 1.1972405000000002 0.620078731 85.83081779999999 1705.0 -10.51785545
1.6875 15.51457956 -0.393939394 1.262314605 0.5 85.19452266 1695.0 -10.314314277315358
1.8 6.561576 -0.5 1.3779050309999998 0.763230027 85.72100355 1900.0 -10.693801358663942
