2.0 22.60895136 -0.400390625 1.1972405000000002 0.620078731 85.70155074 705.0 -11.39234853
1.8 6.561576 -0.5 1.3779050309999998 0.763230027 85.72100355 900.0 -11.304638946245019
1.6875 15.51457956 -0.393939394 1.262314605 0.5 85.19452266 875.0 -11.072770125825587
1.62 17.35595912 -0.264423077 1.336364536 0.803598715 84.33483396 860.0 -11.46219696
2.0 22.60895136 -0.400390625 1.1972405000000002 0.620078731 83.87988921 880.0 -11.25777531
1.6875 15.51457956 -0.393939394 1.262314605 0.5 85.19452266 725.0 -11.31202298451069
2.375 12.107088000000001 -0.546666667 1.307292369 0.546490491 87.34499943 850.0 -11.11368239007228
1.62 17.35595912 -0.264423077 1.336364536 0.803598715 84.33483396 960.0 -11.35121226
1.6875 15.51457956 -0.393939394 1.262314605 0.5 84.3436191 790.0 -11.258173684729858
1.6875 15.51457956 -0.393939394 1.262314605 0.5 84.3436191 1060.0 -10.824139510801903
1.8 6.561576 -0.5 1.3779050309999998 0.763230027 85.72100355 1295.0 -11.010713801943313
2.0 22.60895136 -0.400390625 1.1972405000000002 0.620078731 85.70155074 1145.0 -11.02896297
2.06 20.01780488 -0.36637931 1.3896769690000002 0.769470978 86.79573993 1115.0 -11.17655805
2.375 12.107088000000001 -0.546666667 1.307292369 0.546490491 87.34499943 1285.0 -10.713809711779552
1.62 17.35595912 -0.264423077 1.336364536 0.803598715 85.27547145 1260.0 -11.00672876
1.62 17.35595912 -0.264423077 1.336364536 0.803598715 84.33483396 1350.0 -10.99381527
2.06 20.01780488 -0.36637931 1.3896769690000002 0.769470978 86.79573993 1315.0 -10.99625787
2.0 22.60895136 -0.400390625 1.1972405000000002 0.620078731 85.83081779999999 1225.0 -10.84148172
2.0 22.60895136 -0.400390625 1.1972405000000002 0.620078731 85.83081779999999 1625.0 -10.56633205
2.06 20.01780488 -0.36637931 1.3896769690000002 0.769470978 86.79573993 1830.0 -10.63569751
1.6875 15.51457956 -0.393939394 1.262314605 0.5 85.19452266 1965.0 -10.157408624563367
2.0 22.60895136 -0.400390625 1.1972405000000002 0.620078731 85.70155074 1895.0 -10.57310245
1.5735294119999998 18.54869726 -0.23 1.3595404830000002 0.820010419 84.37750464 1895.0 -10.72146178
2.06 20.01780488 -0.36637931 1.3896769690000002 0.769470978 86.79573993 1665.0 -10.73871756
1.5735294119999998 18.54869726 -0.23 1.3595404830000002 0.820010419 84.37750464 1585.0 -10.94127737
1.5735294119999998 18.54869726 -0.23 1.3595404830000002 0.820010419 84.37750464 1910.0 -10.71172099
2.06 20.01780488 -0.36637931 1.3896769690000002 0.769470978 86.79573993 1750.0 -10.68442606
2.0 22.60895136 -0.400390625 1.1972405000000002 0.620078731 85.70155074 870.0 -11.24636873
2.0 22.60895136 -0.400390625 1.1972405000000002 0.620078731 85.83081779999999 710.0 -11.30782861
2.0 22.60895136 -0.400390625 1.1972405000000002 0.620078731 83.87988921 785.0 -11.34542285
1.6875 15.51457956 -0.393939394 1.262314605 0.5 84.3436191 940.0 -10.99530257359877
1.62 17.35595912 -0.264423077 1.336364536 0.803598715 85.27547145 730.0 -11.55502942
2.0 22.60895136 -0.400390625 1.1972405000000002 0.620078731 85.83081779999999 870.0 -11.14624342
1.62 17.35595912 -0.264423077 1.336364536 0.803598715 84.33483396 895.0 -11.42222768
2.375 12.107088000000001 -0.546666667 1.307292369 0.546490491 87.34499943 700.0 -11.294155889476482
2.0 22.60895136 -0.400390625 1.1972405000000002 0.620078731 85.70155074 890.0 -11.22943921
1.62 17.35595912 -0.264423077 1.336364536 0.803598715 85.27547145 1175.0 -11.0787163
1.5735294119999998 18.54869726 -0.23 1.3595404830000002 0.820010419 84.37750464 1470.0 -11.03341316
1.6875 15.51457956 -0.393939394 1.262314605 0.5 85.19452266 1490.0 -10.454266774395311
1.6875 15.51457956 -0.393939394 1.262314605 0.5 85.19452266 1275.0 -10.627922900520634
1.6875 15.51457956 -0.393939394 1.262314605 0.5 84.3436191 1195.0 -10.660807077128508
2.0 22.60895136 -0.400390625 1.1972405000000002 0.620078731 85.70155074 1115.0 -11.0511099
1.62 17.35595912 -0.264423077 1.336364536 0.803598715 84.33483396 1470.0 -10.90189472
1.62 17.35595912 -0.264423077 1.336364536 0.803598715 85.27547145 1270.0 -10.99855304
1.6875 15.51457956 -0.393939394 1.262314605 0.5 85.19452266 1285.0 -10.619088922373264
2.0 22.60895136 -0.400390625 1.1972405000000002 0.620078731 85.83081779999999 1955.0 -10.37755107
1.6875 15.51457956 -0.393939394 1.262314605 0.5 85.19452266 1685.0 -10.320671717298403
1.8 6.561576 -0.5 1.3779050309999998 0.763230027 85.72100355 1780.0 -10.748151737801159
1.62 17.35595912 -0.264423077 1.336364536 0.803598715 84.33483396 1985.0 -10.57105695
1.62 17.35595912 -0.264423077 1.336364536 0.803598715 84.33483396 1935.0 -10.59951319
2.0 22.60895136 -0.400390625 1.1972405000000002 0.620078731 85.83081779999999 1520.0 -10.63295892
1.6875 15.51457956 -0.393939394 1.262314605 0.5 84.3436191 1660.0 -10.244676564637881
1.8 6.561576 -0.5 1.3779050309999998 0.763230027 85.72100355 1685.0 -10.793723753585871
1.8 6.561576 -0.5 1.3779050309999998 0.763230027 85.72100355 1505.0 -10.887215877200886
1.6875 15.51457956 -0.393939394 1.262314605 0.5 84.3436191 910.0 -11.042913669846934
1.6875 15.51457956 -0.393939394 1.262314605 0.5 85.19452266 825.0 -11.146227779835792
1.62 17.35595912 -0.264423077 1.336364536 0.803598715 85.27547145 865.0 -11.38845418
2.0 22.60895136 -0.400390625 1.1972405000000002 0.620078731 83.87988921 940.0 -11.20490356
2.375 12.107088000000001 -0.546666667 1.307292369 0.546490491 87.34499943 935.0 -11.023179808450985
1.62 17.35595912 -0.264423077 1.336364536 0.803598715 85.27547145 785.0 -11.48422032
1.6875 15.51457956 -0.393939394 1.262314605 0.5 84.3436191 785.0 -11.26814999391902
1.62 17.35595912 -0.264423077 1.336364536 0.803598715 84.33483396 800.0 -11.5337992
1.6875 15.51457956 -0.393939394 1.262314605 0.5 85.19452266 745.0 -11.27656548058348
2.0 22.60895136 -0.400390625 1.1972405000000002 0.620078731 85.83081779999999 1325.0 -10.76691102
2.0 22.60895136 -0.400390625 1.1972405000000002 0.620078731 85.83081779999999 1445.0 -10.68281421
2.0 22.60895136 -0.400390625 1.1972405000000002 0.620078731 83.87988921 1305.0 -10.92104478
1.5735294119999998 18.54869726 -0.23 1.3595404830000002 0.820010419 84.37750464 1030.0 -11.46309618
2.375 12.107088000000001 -0.546666667 1.307292369 0.546490491 87.34499943 1465.0 -10.583475547512219
1.8 6.561576 -0.5 1.3779050309999998 0.763230027 85.72100355 1170.0 -11.0934947180961
1.62 17.35595912 -0.264423077 1.336364536 0.803598715 84.33483396 1360.0 -10.98588623
2.375 12.107088000000001 -0.546666667 1.307292369 0.546490491 87.34499943 1245.0 -10.74502880501301
1.6875 15.51457956 -0.393939394 1.262314605 0.5 84.3436191 1315.0 -10.53520366728262
1.6875 15.51457956 -0.393939394 1.262314605 0.5 84.3436191 1635.0 -10.263005843549045
2.0 22.60895136 -0.400390625 1.1972405000000002 0.620078731 85.83081779999999 1715.0 -10.51192672
1.5735294119999998 18.54869726 -0.23 1.3595404830000002 0.820010419 84.37750464 1960.0 -10.67977408
1.62 17.35595912 -0.264423077 1.336364536 0.803598715 85.27547145 2000.0 -10.52086589
1.62 17.35595912 -0.264423077 1.336364536 0.803598715 85.27547145 1905.0 -10.57271189
1.5735294119999998 18.54869726 -0.23 1.3595404830000002 0.820010419 84.37750464 1560.0 -10.9607539
1.6875 15.51457956 -0.393939394 1.262314605 0.5 85.19452266 1910.0 -10.18727260749528
1.5735294119999998 18.54869726 -0.23 1.3595404830000002 0.820010419 84.37750464 1520.0 -10.99254212
1.6875 15.51457956 -0.393939394 1.262314605 0.5 84.3436191 1745.0 -10.184889676191574
1.62 17.35595912 -0.264423077 1.336364536 0.803598715 85.27547145 775.0 -11.49677428
1.6875 15.51457956 -0.393939394 1.262314605 0.5 85.19452266 925.0 -11.004476979056832
1.6875 15.51457956 -0.393939394 1.262314605 0.5 85.19452266 865.0 -11.087025301042301
1.6875 15.51457956 -0.393939394 1.262314605 0.5 84.3436191 705.0 -11.441459215223535
2.0 22.60895136 -0.400390625 1.1972405000000002 0.620078731 83.87988921 935.0 -11.20923689
1.6875 15.51457956 -0.393939394 1.262314605 0.5 84.3436191 810.0 -11.219160335030852
1.6875 15.51457956 -0.393939394 1.262314605 0.5 85.19452266 725.0 -11.31202298451069
2.375 12.107088000000001 -0.546666667 1.307292369 0.546490491 87.34499943 710.0 -11.281164328823941
1.8 6.561576 -0.5 1.3779050309999998 0.763230027 85.72100355 730.0 -11.469582869089557
2.0 22.60895136 -0.400390625 1.1972405000000002 0.620078731 85.70155074 1275.0 -10.93707922
1.62 17.35595912 -0.264423077 1.336364536 0.803598715 84.33483396 1360.0 -10.98588623
2.0 22.60895136 -0.400390625 1.1972405000000002 0.620078731 83.87988921 1470.0 -10.81078249
1.6875 15.51457956 -0.393939394 1.262314605 0.5 84.3436191 1175.0 -10.683385844972111
1.6875 15.51457956 -0.393939394 1.262314605 0.5 85.19452266 1155.0 -10.740959346667836
2.06 20.01780488 -0.36637931 1.3896769690000002 0.769470978 86.79573993 1420.0 -10.91237932
1.6875 15.51457956 -0.393939394 1.262314605 0.5 85.19452266 1025.0 -10.880889525091172
2.0 22.60895136 -0.400390625 1.1972405000000002 0.620078731 85.70155074 1120.0 -11.04739324
2.0 22.60895136 -0.400390625 1.1972405000000002 0.620078731 85.83081779999999 1170.0 -10.88440331
1.6875 15.51457956 -0.393939394 1.262314605 0.5 85.19452266 1875.0 -10.206795346760716
1.62 17.35595912 -0.264423077 1.336364536 0.803598715 85.27547145 1950.0 -10.54785547
1.8 6.561576 -0.5 1.3779050309999998 0.763230027 85.72100355 1795.0 -10.741169379381793
1.5735294119999998 18.54869726 -0.23 1.3595404830000002 0.820010419 84.37750464 1690.0 -10.86254748
1.62 17.35595912 -0.264423077 1.336364536 0.803598715 84.33483396 1775.0 -10.69532324
1.62 17.35595912 -0.264423077 1.336364536 0.803598715 85.27547145 1500.0 -10.82519429
2.0 22.60895136 -0.400390625 1.1972405000000002 0.620078731 85.83081779999999 1820.0 -10.45133045
1.6875 15.51457956 -0.393939394 1.262314605 0.5 84.3436191 1965.0 -10.04580794926621
2.0 22.60895136 -0.400390625 1.1972405000000002 0.620078731 83.87988921 1855.0 -10.58648224
1.62 17.35595912 -0.264423077 1.336364536 0.803598715 85.27547145 990.0 -11.25325525
2.375 12.107088000000001 -0.546666667 1.307292369 0.546490491 87.34499943 995.0 -10.963518766725894
1.62 17.35595912 -0.264423077 1.336364536 0.803598715 85.27547145 900.0 -11.34895413
2.06 20.01780488 -0.36637931 1.3896769690000002 0.769470978 86.79573993 745.0 -11.61836119
1.5735294119999998 18.54869726 -0.23 1.3595404830000002 0.820010419 84.37750464 725.0 -11.87580827
1.6875 15.51457956 -0.393939394 1.262314605 0.5 84.3436191 905.0 -11.05106359788235
2.0 22.60895136 -0.400390625 1.1972405000000002 0.620078731 83.87988921 850.0 -11.28493121
2.06 20.01780488 -0.36637931 1.3896769690000002 0.769470978 86.79573993 850.0 -11.47368929
2.375 12.107088000000001 -0.546666667 1.307292369 0.546490491 87.34499943 840.0 -11.124837457680709
1.62 17.35595912 -0.264423077 1.336364536 0.803598715 84.33483396 1480.0 -10.8945374
1.6875 15.51457956 -0.393939394 1.262314605 0.5 85.19452266 1440.0 -10.491862762707788
2.0 22.60895136 -0.400390625 1.1972405000000002 0.620078731 85.70155074 1315.0 -10.91007506
1.62 17.35595912 -0.264423077 1.336364536 0.803598715 85.27547145 1185.0 -11.07000567
2.375 12.107088000000001 -0.546666667 1.307292369 0.546490491 87.34499943 1230.0 -10.756971235040858
1.62 17.35595912 -0.264423077 1.336364536 0.803598715 84.33483396 1190.0 -11.12817935
1.6875 15.51457956 -0.393939394 1.262314605 0.5 84.3436191 1460.0 -10.402263689895083
1.62 17.35595912 -0.264423077 1.336364536 0.803598715 85.27547145 1080.0 -11.16498898
1.62 17.35595912 -0.264423077 1.336364536 0.803598715 85.27547145 1390.0 -10.90479606
1.5735294119999998 18.54869726 -0.23 1.3595404830000002 0.820010419 84.37750464 1940.0 -10.69245784
2.06 20.01780488 -0.36637931 1.3896769690000002 0.769470978 86.79573993 1945.0 -10.56927686
1.62 17.35595912 -0.264423077 1.336364536 0.803598715 85.27547145 1590.0 -10.76399907
2.0 22.60895136 -0.400390625 1.1972405000000002 0.620078731 85.70155074 1530.0 -10.77411125
1.6875 15.51457956 -0.393939394 1.262314605 0.5 85.19452266 1970.0 -10.154741288140174
1.8 6.561576 -0.5 1.3779050309999998 0.763230027 85.72100355 1940.0 -10.676413680830825
1.62 17.35595912 -0.264423077 1.336364536 0.803598715 85.27547145 1890.0 -10.5811208
2.375 12.107088000000001 -0.546666667 1.307292369 0.546490491 87.34499943 1625.0 -10.47947245142812
1.62 17.35595912 -0.264423077 1.336364536 0.803598715 85.27547145 1985.0 -10.52889505
1.6875 15.51457956 -0.393939394 1.262314605 0.5 84.3436191 730.0 -11.384333888933686
2.0 22.60895136 -0.400390625 1.1972405000000002 0.620078731 85.70155074 830.0 -11.28075169
1.6875 15.51457956 -0.393939394 1.262314605 0.5 85.19452266 960.0 -10.95939068201303
2.0 22.60895136 -0.400390625 1.1972405000000002 0.620078731 85.70155074 710.0 -11.38777962
2.375 12.107088000000001 -0.546666667 1.307292369 0.546490491 87.34499943 830.0 -11.136106836190047
1.5735294119999998 18.54869726 -0.23 1.3595404830000002 0.820010419 84.37750464 775.0 -11.79849937
1.62 17.35595912 -0.264423077 1.336364536 0.803598715 85.27547145 705.0 -11.58871455
1.6875 15.51457956 -0.393939394 1.262314605 0.5 85.19452266 710.0 -11.339469842352505
1.62 17.35595912 -0.264423077 1.336364536 0.803598715 85.27547145 740.0 -11.541826400000001
1.6875 15.51457956 -0.393939394 1.262314605 0.5 84.3436191 1185.0 -10.672032352014309
2.06 20.01780488 -0.36637931 1.3896769690000002 0.769470978 86.79573993 1385.0 -10.93962432
2.0 22.60895136 -0.400390625 1.1972405000000002 0.620078731 85.83081779999999 1410.0 -10.706772099999998
1.8 6.561576 -0.5 1.3779050309999998 0.763230027 85.72100355 1120.0 -11.128938956297947
1.6875 15.51457956 -0.393939394 1.262314605 0.5 85.19452266 1355.0 -10.559478982934445
1.5735294119999998 18.54869726 -0.23 1.3595404830000002 0.820010419 84.37750464 1420.0 -11.07562315
1.6875 15.51457956 -0.393939394 1.262314605 0.5 84.3436191 1210.0 -10.644203734636978
1.6875 15.51457956 -0.393939394 1.262314605 0.5 84.3436191 1460.0 -10.402263689895083
1.62 17.35595912 -0.264423077 1.336364536 0.803598715 85.27547145 1450.0 -10.86068273
1.5735294119999998 18.54869726 -0.23 1.3595404830000002 0.820010419 84.37750464 1980.0 -10.6672141
1.62 17.35595912 -0.264423077 1.336364536 0.803598715 85.27547145 1760.0 -10.65675413
1.6875 15.51457956 -0.393939394 1.262314605 0.5 85.19452266 1530.0 -10.42524805633123
1.62 17.35595912 -0.264423077 1.336364536 0.803598715 85.27547145 1910.0 -10.56992281
2.375 12.107088000000001 -0.546666667 1.307292369 0.546490491 87.34499943 1615.0 -10.485688011263964
1.5735294119999998 18.54869726 -0.23 1.3595404830000002 0.820010419 84.37750464 1545.0 -10.97258275
1.6875 15.51457956 -0.393939394 1.262314605 0.5 85.19452266 1825.0 -10.23542441812001
2.0 22.60895136 -0.400390625 1.1972405000000002 0.620078731 85.83081779999999 1625.0 -10.56633205
2.06 20.01780488 -0.36637931 1.3896769690000002 0.769470978 86.79573993 1880.0 -10.60631785
2.0 22.60895136 -0.400390625 1.1972405000000002 0.620078731 83.87988921 810.0 -11.32189016
2.375 12.107088000000001 -0.546666667 1.307292369 0.546490491 87.34499943 990.0 -10.96836803057463
1.6875 15.51457956 -0.393939394 1.262314605 0.5 84.3436191 980.0 -10.935029951507211
2.0 22.60895136 -0.400390625 1.1972405000000002 0.620078731 83.87988921 935.0 -11.20923689
1.8 6.561576 -0.5 1.3779050309999998 0.763230027 85.72100355 975.0 -11.240695559214846
2.0 22.60895136 -0.400390625 1.1972405000000002 0.620078731 85.83081779999999 875.0 -11.14145366
2.0 22.60895136 -0.400390625 1.1972405000000002 0.620078731 85.70155074 790.0 -11.31581293
2.375 12.107088000000001 -0.546666667 1.307292369 0.546490491 87.34499943 970.0 -10.987983184032363
2.0 22.60895136 -0.400390625 1.1972405000000002 0.620078731 83.87988921 730.0 -11.398337800000002
2.0 22.60895136 -0.400390625 1.1972405000000002 0.620078731 85.83081779999999 1085.0 -10.953622900000001
1.8 6.561576 -0.5 1.3779050309999998 0.763230027 85.72100355 1340.0 -10.982736996597634
1.6875 15.51457956 -0.393939394 1.262314605 0.5 84.3436191 1020.0 -10.878083479005655
1.6875 15.51457956 -0.393939394 1.262314605 0.5 85.19452266 1220.0 -10.678053466809976
1.6875 15.51457956 -0.393939394 1.262314605 0.5 85.19452266 1415.0 -10.511246039425535
2.0 22.60895136 -0.400390625 1.1972405000000002 0.620078731 85.70155074 1105.0 -11.05857411
2.375 12.107088000000001 -0.546666667 1.307292369 0.546490491 87.34499943 1180.0 -10.797754572794965
2.06 20.01780488 -0.36637931 1.3896769690000002 0.769470978 86.79573993 1000.0 -11.29565281
2.0 22.60895136 -0.400390625 1.1972405000000002 0.620078731 83.87988921 1220.0 -10.98185879
2.0 22.60895136 -0.400390625 1.1972405000000002 0.620078731 85.83081779999999 1765.0 -10.48270108
2.0 22.60895136 -0.400390625 1.1972405000000002 0.620078731 85.70155074 1515.0 -10.78312816
2.0 22.60895136 -0.400390625 1.1972405000000002 0.620078731 85.83081779999999 1940.0 -10.38553383
2.06 20.01780488 -0.36637931 1.3896769690000002 0.769470978 86.79573993 1870.0 -10.61213045
1.62 17.35595912 -0.264423077 1.336364536 0.803598715 85.27547145 1610.0 -10.75083951
1.62 17.35595912 -0.264423077 1.336364536 0.803598715 85.27547145 1640.0 -10.73138373
1.62 17.35595912 -0.264423077 1.336364536 0.803598715 85.27547145 1955.0 -10.54512721
1.8 6.561576 -0.5 1.3779050309999998 0.763230027 85.72100355 1715.0 -10.779073177618582
2.0 22.60895136 -0.400390625 1.1972405000000002 0.620078731 85.83081779999999 1735.0 -10.50015362
2.0 22.60895136 -0.400390625 1.1972405000000002 0.620078731 85.70155074 795.0 -11.31139438
1.5735294119999998 18.54869726 -0.23 1.3595404830000002 0.820010419 84.37750464 760.0 -11.82121324
2.0 22.60895136 -0.400390625 1.1972405000000002 0.620078731 85.70155074 800.0 -11.306985899999999
2.0 22.60895136 -0.400390625 1.1972405000000002 0.620078731 85.83081779999999 870.0 -11.14624342
1.62 17.35595912 -0.264423077 1.336364536 0.803598715 84.33483396 870.0 -11.45064728
2.0 22.60895136 -0.400390625 1.1972405000000002 0.620078731 85.70155074 855.0 -11.25918108
2.375 12.107088000000001 -0.546666667 1.307292369 0.546490491 87.34499943 740.0 -11.243077680017613
1.6875 15.51457956 -0.393939394 1.262314605 0.5 84.3436191 785.0 -11.26814999391902
1.62 17.35595912 -0.264423077 1.336364536 0.803598715 85.27547145 845.0 -11.41165468
2.375 12.107088000000001 -0.546666667 1.307292369 0.546490491 87.34499943 1100.0 -10.866365660579088
2.0 22.60895136 -0.400390625 1.1972405000000002 0.620078731 85.70155074 1195.0 -10.99285314
1.8 6.561576 -0.5 1.3779050309999998 0.763230027 85.72100355 1465.0 -10.909429031928536
1.6875 15.51457956 -0.393939394 1.262314605 0.5 85.19452266 1450.0 -10.484221029602177
2.0 22.60895136 -0.400390625 1.1972405000000002 0.620078731 83.87988921 1220.0 -10.98185879
2.0 22.60895136 -0.400390625 1.1972405000000002 0.620078731 83.87988921 1170.0 -11.019030599999999
1.6875 15.51457956 -0.393939394 1.262314605 0.5 85.19452266 1015.0 -10.892555693172495
2.0 22.60895136 -0.400390625 1.1972405000000002 0.620078731 85.70155074 1130.0 -11.03999063
2.0 22.60895136 -0.400390625 1.1972405000000002 0.620078731 85.83081779999999 1185.0 -10.87255673
2.0 22.60895136 -0.400390625 1.1972405000000002 0.620078731 85.83081779999999 1565.0 -10.60396885
2.0 22.60895136 -0.400390625 1.1972405000000002 0.620078731 85.83081779999999 1670.0 -10.53883182
2.06 20.01780488 -0.36637931 1.3896769690000002 0.769470978 86.79573993 1810.0 -10.64767592
1.6875 15.51457956 -0.393939394 1.262314605 0.5 84.3436191 1750.0 -10.181488180623585
2.06 20.01780488 -0.36637931 1.3896769690000002 0.769470978 86.79573993 1640.0 -10.75521698
1.62 17.35595912 -0.264423077 1.336364536 0.803598715 84.33483396 1960.0 -10.58520181
1.6875 15.51457956 -0.393939394 1.262314605 0.5 85.19452266 1930.0 -10.176300252658004
2.0 22.60895136 -0.400390625 1.1972405000000002 0.620078731 85.70155074 1680.0 -10.68742374
1.6875 15.51457956 -0.393939394 1.262314605 0.5 84.3436191 1695.0 -10.219597998506096
1.5735294119999998 18.54869726 -0.23 1.3595404830000002 0.820010419 84.37750464 875.0 -11.65645322
1.6875 15.51457956 -0.393939394 1.262314605 0.5 85.19452266 715.0 -11.33023677051324
2.0 22.60895136 -0.400390625 1.1972405000000002 0.620078731 85.70155074 760.0 -11.34253015
1.8 6.561576 -0.5 1.3779050309999998 0.763230027 85.72100355 725.0 -11.474935706484064
2.06 20.01780488 -0.36637931 1.3896769690000002 0.769470978 86.79573993 700.0 -11.68680355
1.6875 15.51457956 -0.393939394 1.262314605 0.5 84.3436191 740.0 -11.362279029851576
1.62 17.35595912 -0.264423077 1.336364536 0.803598715 84.33483396 985.0 -11.32493703
1.5735294119999998 18.54869726 -0.23 1.3595404830000002 0.820010419 84.37750464 835.0 -11.71141974
2.375 12.107088000000001 -0.546666667 1.307292369 0.546490491 87.34499943 765.0 -11.21230940518696
2.06 20.01780488 -0.36637931 1.3896769690000002 0.769470978 86.79573993 1405.0 -10.92397204
2.0 22.60895136 -0.400390625 1.1972405000000002 0.620078731 85.83081779999999 1280.0 -10.79993434
2.0 22.60895136 -0.400390625 1.1972405000000002 0.620078731 85.83081779999999 1235.0 -10.83382768
1.6875 15.51457956 -0.393939394 1.262314605 0.5 84.3436191 1075.0 -10.80462615673476
2.375 12.107088000000001 -0.546666667 1.307292369 0.546490491 87.34499943 1125.0 -10.844456505420967
1.5735294119999998 18.54869726 -0.23 1.3595404830000002 0.820010419 84.37750464 1325.0 -11.15984223
2.06 20.01780488 -0.36637931 1.3896769690000002 0.769470978 86.79573993 1420.0 -10.91237932
1.62 17.35595912 -0.264423077 1.336364536 0.803598715 85.27547145 1495.0 -10.82869333
1.5735294119999998 18.54869726 -0.23 1.3595404830000002 0.820010419 84.37750464 1070.0 -11.41755953
1.8 6.561576 -0.5 1.3779050309999998 0.763230027 85.72100355 1785.0 -10.745818054895217
1.6875 15.51457956 -0.393939394 1.262314605 0.5 84.3436191 1970.0 -10.0428759458107
2.0 22.60895136 -0.400390625 1.1972405000000002 0.620078731 85.83081779999999 1765.0 -10.48270108
2.0 22.60895136 -0.400390625 1.1972405000000002 0.620078731 83.87988921 1940.0 -10.54210244
1.62 17.35595912 -0.264423077 1.336364536 0.803598715 84.33483396 1775.0 -10.69532324
1.62 17.35595912 -0.264423077 1.336364536 0.803598715 85.27547145 1805.0 -10.62999483
2.375 12.107088000000001 -0.546666667 1.307292369 0.546490491 87.34499943 1955.0 -10.292146604255947
2.0 22.60895136 -0.400390625 1.1972405000000002 0.620078731 83.87988921 1550.0 -10.7606585
1.5735294119999998 18.54869726 -0.23 1.3595404830000002 0.820010419 84.37750464 1965.0 -10.67662257
2.0 22.60895136 -0.400390625 1.1972405000000002 0.620078731 85.83081779999999 780.0 -11.23514529
2.375 12.107088000000001 -0.546666667 1.307292369 0.546490491 87.34499943 735.0 -11.249335301612273
2.0 22.60895136 -0.400390625 1.1972405000000002 0.620078731 83.87988921 810.0 -11.32189016
2.0 22.60895136 -0.400390625 1.1972405000000002 0.620078731 85.83081779999999 885.0 -11.13192056
1.62 17.35595912 -0.264423077 1.336364536 0.803598715 85.27547145 780.0 -11.49048013
2.0 22.60895136 -0.400390625 1.1972405000000002 0.620078731 83.87988921 905.0 -11.23551333
1.8 6.561576 -0.5 1.3779050309999998 0.763230027 85.72100355 945.0 -11.265715144835966
2.06 20.01780488 -0.36637931 1.3896769690000002 0.769470978 86.79573993 905.0 -11.40496937
2.06 20.01780488 -0.36637931 1.3896769690000002 0.769470978 86.79573993 750.0 -11.61101638
2.0 22.60895136 -0.400390625 1.1972405000000002 0.620078731 85.70155074 1210.0 -10.98221105
1.8 6.561576 -0.5 1.3779050309999998 0.763230027 85.72100355 1490.0 -10.895479570242
1.62 17.35595912 -0.264423077 1.336364536 0.803598715 84.33483396 1295.0 -11.03836537
2.0 22.60895136 -0.400390625 1.1972405000000002 0.620078731 85.70155074 1345.0 -10.89019238
1.5735294119999998 18.54869726 -0.23 1.3595404830000002 0.820010419 84.37750464 1065.0 -11.42316462
1.62 17.35595912 -0.264423077 1.336364536 0.803598715 84.33483396 1170.0 -11.14605518
2.0 22.60895136 -0.400390625 1.1972405000000002 0.620078731 83.87988921 1280.0 -10.93863092
2.06 20.01780488 -0.36637931 1.3896769690000002 0.769470978 86.79573993 1155.0 -11.13802014
2.0 22.60895136 -0.400390625 1.1972405000000002 0.620078731 83.87988921 1375.0 -10.87307183
1.6875 15.51457956 -0.393939394 1.262314605 0.5 85.19452266 1590.0 -10.383354152867375
1.5735294119999998 18.54869726 -0.23 1.3595404830000002 0.820010419 84.37750464 1735.0 -10.83022589
2.06 20.01780488 -0.36637931 1.3896769690000002 0.769470978 86.79573993 1720.0 -10.70327896
1.5735294119999998 18.54869726 -0.23 1.3595404830000002 0.820010419 84.37750464 1560.0 -10.9607539
2.0 22.60895136 -0.400390625 1.1972405000000002 0.620078731 83.87988921 1585.0 -10.73935682
2.0 22.60895136 -0.400390625 1.1972405000000002 0.620078731 85.70155074 1920.0 -10.56049035
2.0 22.60895136 -0.400390625 1.1972405000000002 0.620078731 85.83081779999999 1935.0 -10.3882063
2.0 22.60895136 -0.400390625 1.1972405000000002 0.620078731 83.87988921 1795.0 -10.61882479
1.6875 15.51457956 -0.393939394 1.262314605 0.5 85.19452266 1975.0 -10.152081683780823
