2.06 20.01780488 -0.36637931 1.3896769690000002 0.769470978 86.79573993 890.0 -11.42328351
1.62 17.35595912 -0.264423077 1.336364536 0.803598715 85.27547145 980.0 -11.26349966
1.6875 15.51457956 -0.393939394 1.262314605 0.5 84.3436191 810.0 -11.219160335030852
2.0 22.60895136 -0.400390625 1.1972405000000002 0.620078731 85.70155074 950.0 -11.17971455
1.62 17.35595912 -0.264423077 1.336364536 0.803598715 85.27547145 875.0 -11.37702827
1.6875 15.51457956 -0.393939394 1.262314605 0.5 85.19452266 915.0 -11.017755554886472
1.5735294119999998 18.54869726 -0.23 1.3595404830000002 0.820010419 84.37750464 740.0 -11.85212926
2.0 22.60895136 -0.400390625 1.1972405000000002 0.620078731 83.87988921 940.0 -11.20490356
2.0 22.60895136 -0.400390625 1.1972405000000002 0.620078731 85.70155074 830.0 -11.28075169
1.6875 15.51457956 -0.393939394 1.262314605 0.5 85.19452266 1275.0 -10.627922900520634
1.62 17.35595912 -0.264423077 1.336364536 0.803598715 85.27547145 1295.0 -10.97836866
1.8 6.561576 -0.5 1.3779050309999998 0.763230027 85.72100355 1305.0 -11.00441868598629
1.6875 15.51457956 -0.393939394 1.262314605 0.5 84.3436191 1050.0 -10.837360019234826
1.6875 15.51457956 -0.393939394 1.262314605 0.5 85.19452266 1495.0 -10.450589457652603
1.62 17.35595912 -0.264423077 1.336364536 0.803598715 84.33483396 1030.0 -11.27899372
2.0 22.60895136 -0.400390625 1.1972405000000002 0.620078731 83.87988921 1070.0 -11.09671354
2.375 12.107088000000001 -0.546666667 1.307292369 0.546490491 87.34499943 1475.0 -10.576674426177327
2.0 22.60895136 -0.400390625 1.1972405000000002 0.620078731 85.70155074 1155.0 -11.02166162
1.62 17.35595912 -0.264423077 1.336364536 0.803598715 85.27547145 1745.0 -10.66581701
1.6875 15.51457956 -0.393939394 1.262314605 0.5 85.19452266 1655.0 -10.340010905052571
2.375 12.107088000000001 -0.546666667 1.307292369 0.546490491 87.34499943 1555.0 -10.523750051631115
1.6875 15.51457956 -0.393939394 1.262314605 0.5 85.19452266 1755.0 -10.277062894005393
2.06 20.01780488 -0.36637931 1.3896769690000002 0.769470978 86.79573993 1525.0 -10.83452515
2.0 22.60895136 -0.400390625 1.1972405000000002 0.620078731 83.87988921 1870.0 -10.5785305
2.06 20.01780488 -0.36637931 1.3896769690000002 0.769470978 86.79573993 1750.0 -10.68442606
1.62 17.35595912 -0.264423077 1.336364536 0.803598715 85.27547145 1640.0 -10.73138373
2.0 22.60895136 -0.400390625 1.1972405000000002 0.620078731 85.70155074 1725.0 -10.6625804
1.6875 15.51457956 -0.393939394 1.262314605 0.5 85.19452266 805.0 -11.177229887552526
1.6875 15.51457956 -0.393939394 1.262314605 0.5 85.19452266 955.0 -10.965703794433574
2.0 22.60895136 -0.400390625 1.1972405000000002 0.620078731 85.70155074 975.0 -11.15946789
2.06 20.01780488 -0.36637931 1.3896769690000002 0.769470978 86.79573993 935.0 -11.36924355
1.8 6.561576 -0.5 1.3779050309999998 0.763230027 85.72100355 905.0 -11.300227639483136
2.06 20.01780488 -0.36637931 1.3896769690000002 0.769470978 86.79573993 870.0 -11.44819359
1.6875 15.51457956 -0.393939394 1.262314605 0.5 85.19452266 925.0 -11.004476979056832
2.0 22.60895136 -0.400390625 1.1972405000000002 0.620078731 83.87988921 880.0 -11.25777531
1.6875 15.51457956 -0.393939394 1.262314605 0.5 85.19452266 775.0 -11.225648415952833
1.62 17.35595912 -0.264423077 1.336364536 0.803598715 85.27547145 1460.0 -10.85349521
1.62 17.35595912 -0.264423077 1.336364536 0.803598715 85.27547145 1355.0 -10.93134768
1.8 6.561576 -0.5 1.3779050309999998 0.763230027 85.72100355 1130.0 -11.121734041174415
2.375 12.107088000000001 -0.546666667 1.307292369 0.546490491 87.34499943 1425.0 -10.611115080260333
2.0 22.60895136 -0.400390625 1.1972405000000002 0.620078731 85.83081779999999 1060.0 -10.97468585
1.6875 15.51457956 -0.393939394 1.262314605 0.5 84.3436191 1180.0 -10.6776929005765
1.6875 15.51457956 -0.393939394 1.262314605 0.5 85.19452266 1115.0 -10.781860935450283
1.8 6.561576 -0.5 1.3779050309999998 0.763230027 85.72100355 1480.0 -10.901032577699574
1.6875 15.51457956 -0.393939394 1.262314605 0.5 85.19452266 1085.0 -10.81373858138267
2.375 12.107088000000001 -0.546666667 1.307292369 0.546490491 87.34499943 1755.0 -10.401760543873582
1.5735294119999998 18.54869726 -0.23 1.3595404830000002 0.820010419 84.37750464 1810.0 -10.77809684
1.5735294119999998 18.54869726 -0.23 1.3595404830000002 0.820010419 84.37750464 1630.0 -10.90694502
1.62 17.35595912 -0.264423077 1.336364536 0.803598715 84.33483396 1725.0 -10.72687928
1.62 17.35595912 -0.264423077 1.336364536 0.803598715 85.27547145 1870.0 -10.59243124
2.0 22.60895136 -0.400390625 1.1972405000000002 0.620078731 85.83081779999999 1545.0 -10.61677058
1.62 17.35595912 -0.264423077 1.336364536 0.803598715 84.33483396 1865.0 -10.64050499
1.5735294119999998 18.54869726 -0.23 1.3595404830000002 0.820010419 84.37750464 1895.0 -10.72146178
2.0 22.60895136 -0.400390625 1.1972405000000002 0.620078731 85.83081779999999 1745.0 -10.49430874
1.8 6.561576 -0.5 1.3779050309999998 0.763230027 85.72100355 820.0 -11.378418140224795
1.6875 15.51457956 -0.393939394 1.262314605 0.5 84.3436191 810.0 -11.219160335030852
1.62 17.35595912 -0.264423077 1.336364536 0.803598715 85.27547145 825.0 -11.4353358
2.0 22.60895136 -0.400390625 1.1972405000000002 0.620078731 85.83081779999999 885.0 -11.13192056
1.6875 15.51457956 -0.393939394 1.262314605 0.5 84.3436191 865.0 -11.118635539350485
1.8 6.561576 -0.5 1.3779050309999998 0.763230027 85.72100355 700.0 -11.502199104710222
1.8 6.561576 -0.5 1.3779050309999998 0.763230027 85.72100355 790.0 -11.407767781975444
2.375 12.107088000000001 -0.546666667 1.307292369 0.546490491 87.34499943 710.0 -11.281164328823941
1.5735294119999998 18.54869726 -0.23 1.3595404830000002 0.820010419 84.37750464 945.0 -11.56553932
1.5735294119999998 18.54869726 -0.23 1.3595404830000002 0.820010419 84.37750464 1100.0 -11.38443023
1.5735294119999998 18.54869726 -0.23 1.3595404830000002 0.820010419 84.37750464 1095.0 -11.38989311
1.62 17.35595912 -0.264423077 1.336364536 0.803598715 85.27547145 1310.0 -10.96642876
1.6875 15.51457956 -0.393939394 1.262314605 0.5 84.3436191 1150.0 -10.712348871997293
2.0 22.60895136 -0.400390625 1.1972405000000002 0.620078731 85.83081779999999 1495.0 -10.64935882
1.6875 15.51457956 -0.393939394 1.262314605 0.5 84.3436191 1345.0 -10.50616479109426
1.5735294119999998 18.54869726 -0.23 1.3595404830000002 0.820010419 84.37750464 1200.0 -11.27976261
1.62 17.35595912 -0.264423077 1.336364536 0.803598715 84.33483396 1060.0 -11.24928154
1.6875 15.51457956 -0.393939394 1.262314605 0.5 85.19452266 1130.0 -10.766315058697698
1.5735294119999998 18.54869726 -0.23 1.3595404830000002 0.820010419 84.37750464 1980.0 -10.6672141
1.8 6.561576 -0.5 1.3779050309999998 0.763230027 85.72100355 1535.0 -10.87092004875818
1.62 17.35595912 -0.264423077 1.336364536 0.803598715 84.33483396 1730.0 -10.72368663
1.62 17.35595912 -0.264423077 1.336364536 0.803598715 84.33483396 1940.0 -10.5966374
2.0 22.60895136 -0.400390625 1.1972405000000002 0.620078731 83.87988921 1520.0 -10.77921643
1.62 17.35595912 -0.264423077 1.336364536 0.803598715 84.33483396 1585.0 -10.81984731
1.62 17.35595912 -0.264423077 1.336364536 0.803598715 85.27547145 1530.0 -10.80442485
2.0 22.60895136 -0.400390625 1.1972405000000002 0.620078731 85.70155074 1945.0 -10.54801025
2.0 22.60895136 -0.400390625 1.1972405000000002 0.620078731 85.70155074 1725.0 -10.6625804
2.06 20.01780488 -0.36637931 1.3896769690000002 0.769470978 86.79573993 795.0 -11.54705974
1.6875 15.51457956 -0.393939394 1.262314605 0.5 85.19452266 835.0 -11.131087195796482
1.62 17.35595912 -0.264423077 1.336364536 0.803598715 85.27547145 775.0 -11.49677428
1.62 17.35595912 -0.264423077 1.336364536 0.803598715 85.27547145 725.0 -11.56168815
1.6875 15.51457956 -0.393939394 1.262314605 0.5 84.3436191 810.0 -11.219160335030852
1.62 17.35595912 -0.264423077 1.336364536 0.803598715 84.33483396 950.0 -11.36187907
1.62 17.35595912 -0.264423077 1.336364536 0.803598715 84.33483396 835.0 -11.49154151
1.5735294119999998 18.54869726 -0.23 1.3595404830000002 0.820010419 84.37750464 850.0 -11.69053325
2.0 22.60895136 -0.400390625 1.1972405000000002 0.620078731 85.70155074 890.0 -11.22943921
2.375 12.107088000000001 -0.546666667 1.307292369 0.546490491 87.34499943 1180.0 -10.797754572794965
1.62 17.35595912 -0.264423077 1.336364536 0.803598715 85.27547145 1130.0 -11.11876499
1.6875 15.51457956 -0.393939394 1.262314605 0.5 84.3436191 1180.0 -10.6776929005765
2.0 22.60895136 -0.400390625 1.1972405000000002 0.620078731 83.87988921 1120.0 -11.05729892
1.6875 15.51457956 -0.393939394 1.262314605 0.5 84.3436191 1010.0 -10.89202677068222
2.375 12.107088000000001 -0.546666667 1.307292369 0.546490491 87.34499943 1445.0 -10.597207204640924
1.6875 15.51457956 -0.393939394 1.262314605 0.5 84.3436191 1215.0 -10.638730544184892
2.375 12.107088000000001 -0.546666667 1.307292369 0.546490491 87.34499943 1120.0 -10.84880321389505
1.62 17.35595912 -0.264423077 1.336364536 0.803598715 84.33483396 1020.0 -11.28905779
1.8 6.561576 -0.5 1.3779050309999998 0.763230027 85.72100355 1945.0 -10.674264452647462
2.0 22.60895136 -0.400390625 1.1972405000000002 0.620078731 83.87988921 1535.0 -10.76990239
2.0 22.60895136 -0.400390625 1.1972405000000002 0.620078731 85.70155074 1645.0 -10.70710533
1.8 6.561576 -0.5 1.3779050309999998 0.763230027 85.72100355 1785.0 -10.745818054895217
1.5735294119999998 18.54869726 -0.23 1.3595404830000002 0.820010419 84.37750464 1555.0 -10.96468479
2.0 22.60895136 -0.400390625 1.1972405000000002 0.620078731 83.87988921 1745.0 -10.64645523
2.0 22.60895136 -0.400390625 1.1972405000000002 0.620078731 83.87988921 1945.0 -10.53954224
1.8 6.561576 -0.5 1.3779050309999998 0.763230027 85.72100355 1735.0 -10.76944135308024
2.0 22.60895136 -0.400390625 1.1972405000000002 0.620078731 85.83081779999999 1580.0 -10.59445279
2.0 22.60895136 -0.400390625 1.1972405000000002 0.620078731 85.70155074 915.0 -11.20852616
1.8 6.561576 -0.5 1.3779050309999998 0.763230027 85.72100355 940.0 -11.269955523087985
2.0 22.60895136 -0.400390625 1.1972405000000002 0.620078731 83.87988921 800.0 -11.331263499999999
2.0 22.60895136 -0.400390625 1.1972405000000002 0.620078731 85.83081779999999 715.0 -11.30253597
1.5735294119999998 18.54869726 -0.23 1.3595404830000002 0.820010419 84.37750464 900.0 -11.62324654
1.62 17.35595912 -0.264423077 1.336364536 0.803598715 84.33483396 840.0 -11.48561792
2.0 22.60895136 -0.400390625 1.1972405000000002 0.620078731 85.70155074 745.0 -11.35601544
1.8 6.561576 -0.5 1.3779050309999998 0.763230027 85.72100355 840.0 -11.359383197903671
2.0 22.60895136 -0.400390625 1.1972405000000002 0.620078731 85.83081779999999 800.0 -11.21494629
1.5735294119999998 18.54869726 -0.23 1.3595404830000002 0.820010419 84.37750464 1195.0 -11.28479925
1.6875 15.51457956 -0.393939394 1.262314605 0.5 85.19452266 1355.0 -10.559478982934445
2.06 20.01780488 -0.36637931 1.3896769690000002 0.769470978 86.79573993 1485.0 -10.86352872
2.0 22.60895136 -0.400390625 1.1972405000000002 0.620078731 83.87988921 1060.0 -11.10473839
2.0 22.60895136 -0.400390625 1.1972405000000002 0.620078731 83.87988921 1285.0 -10.93509408
1.6875 15.51457956 -0.393939394 1.262314605 0.5 84.3436191 1270.0 -10.580446577659021
2.06 20.01780488 -0.36637931 1.3896769690000002 0.769470978 86.79573993 1160.0 -11.13329778
1.62 17.35595912 -0.264423077 1.336364536 0.803598715 84.33483396 1420.0 -10.93936004
2.0 22.60895136 -0.400390625 1.1972405000000002 0.620078731 85.70155074 1235.0 -10.96466546
1.6875 15.51457956 -0.393939394 1.262314605 0.5 85.19452266 1810.0 -10.244189803906226
2.0 22.60895136 -0.400390625 1.1972405000000002 0.620078731 85.83081779999999 1755.0 -10.48849131
2.375 12.107088000000001 -0.546666667 1.307292369 0.546490491 87.34499943 1860.0 -10.34283024236338
2.06 20.01780488 -0.36637931 1.3896769690000002 0.769470978 86.79573993 1980.0 -10.54984366
1.6875 15.51457956 -0.393939394 1.262314605 0.5 84.3436191 1780.0 -10.161333714093125
1.5735294119999998 18.54869726 -0.23 1.3595404830000002 0.820010419 84.37750464 1600.0 -10.92973127
2.0 22.60895136 -0.400390625 1.1972405000000002 0.620078731 85.83081779999999 1830.0 -10.44571129
1.6875 15.51457956 -0.393939394 1.262314605 0.5 85.19452266 1715.0 -10.301729267012208
2.0 22.60895136 -0.400390625 1.1972405000000002 0.620078731 85.83081779999999 1735.0 -10.50015362
1.8 6.561576 -0.5 1.3779050309999998 0.763230027 85.72100355 760.0 -11.43813217215601
1.5735294119999998 18.54869726 -0.23 1.3595404830000002 0.820010419 84.37750464 730.0 -11.86786729
1.6875 15.51457956 -0.393939394 1.262314605 0.5 85.19452266 715.0 -11.33023677051324
2.0 22.60895136 -0.400390625 1.1972405000000002 0.620078731 85.83081779999999 700.0 -11.31845931
2.375 12.107088000000001 -0.546666667 1.307292369 0.546490491 87.34499943 935.0 -11.023179808450985
1.6875 15.51457956 -0.393939394 1.262314605 0.5 84.3436191 740.0 -11.362279029851576
2.0 22.60895136 -0.400390625 1.1972405000000002 0.620078731 85.83081779999999 735.0 -11.28151893
1.62 17.35595912 -0.264423077 1.336364536 0.803598715 84.33483396 835.0 -11.49154151
1.62 17.35595912 -0.264423077 1.336364536 0.803598715 85.27547145 990.0 -11.25325525
1.5735294119999998 18.54869726 -0.23 1.3595404830000002 0.820010419 84.37750464 1000.0 -11.49833336
2.06 20.01780488 -0.36637931 1.3896769690000002 0.769470978 86.79573993 1465.0 -10.87832667
2.0 22.60895136 -0.400390625 1.1972405000000002 0.620078731 85.83081779999999 1045.0 -10.98748358
1.6875 15.51457956 -0.393939394 1.262314605 0.5 85.19452266 1105.0 -10.792368306072115
1.62 17.35595912 -0.264423077 1.336364536 0.803598715 85.27547145 1465.0 -10.84991854
1.8 6.561576 -0.5 1.3779050309999998 0.763230027 85.72100355 1300.0 -11.007560562463
2.0 22.60895136 -0.400390625 1.1972405000000002 0.620078731 85.70155074 1465.0 -10.81367064
2.0 22.60895136 -0.400390625 1.1972405000000002 0.620078731 83.87988921 1225.0 -10.97820002
2.0 22.60895136 -0.400390625 1.1972405000000002 0.620078731 83.87988921 1155.0 -11.0303937
2.375 12.107088000000001 -0.546666667 1.307292369 0.546490491 87.34499943 1905.0 -10.318525699935943
2.0 22.60895136 -0.400390625 1.1972405000000002 0.620078731 83.87988921 1755.0 -10.64087838
1.6875 15.51457956 -0.393939394 1.262314605 0.5 84.3436191 1505.0 -10.36447122893547
1.5735294119999998 18.54869726 -0.23 1.3595404830000002 0.820010419 84.37750464 1795.0 -10.78835515
1.62 17.35595912 -0.264423077 1.336364536 0.803598715 84.33483396 1520.0 -10.86554307
1.62 17.35595912 -0.264423077 1.336364536 0.803598715 84.33483396 1805.0 -10.67677481
1.62 17.35595912 -0.264423077 1.336364536 0.803598715 84.33483396 1685.0 -10.75272616
1.6875 15.51457956 -0.393939394 1.262314605 0.5 85.19452266 1725.0 -10.29550054933528
2.06 20.01780488 -0.36637931 1.3896769690000002 0.769470978 86.79573993 1715.0 -10.70645322
2.0 22.60895136 -0.400390625 1.1972405000000002 0.620078731 85.70155074 795.0 -11.31139438
2.06 20.01780488 -0.36637931 1.3896769690000002 0.769470978 86.79573993 825.0 -11.50642557
2.0 22.60895136 -0.400390625 1.1972405000000002 0.620078731 83.87988921 795.0 -11.33597007
1.6875 15.51457956 -0.393939394 1.262314605 0.5 85.19452266 750.0 -11.267895393815573
1.6875 15.51457956 -0.393939394 1.262314605 0.5 85.19452266 780.0 -11.21741154282791
1.62 17.35595912 -0.264423077 1.336364536 0.803598715 84.33483396 875.0 -11.44491185
1.8 6.561576 -0.5 1.3779050309999998 0.763230027 85.72100355 835.0 -11.364103352434821
1.5735294119999998 18.54869726 -0.23 1.3595404830000002 0.820010419 84.37750464 880.0 -11.64974345
2.0 22.60895136 -0.400390625 1.1972405000000002 0.620078731 83.87988921 765.0 -11.36448551
1.8 6.561576 -0.5 1.3779050309999998 0.763230027 85.72100355 1035.0 -11.19270640440918
2.0 22.60895136 -0.400390625 1.1972405000000002 0.620078731 85.70155074 1265.0 -10.94392046
2.0 22.60895136 -0.400390625 1.1972405000000002 0.620078731 85.70155074 1235.0 -10.96466546
2.375 12.107088000000001 -0.546666667 1.307292369 0.546490491 87.34499943 1150.0 -10.822979565231677
2.0 22.60895136 -0.400390625 1.1972405000000002 0.620078731 85.83081779999999 1260.0 -10.81488827
2.375 12.107088000000001 -0.546666667 1.307292369 0.546490491 87.34499943 1235.0 -10.752975822029606
1.6875 15.51457956 -0.393939394 1.262314605 0.5 85.19452266 1210.0 -10.687462303899393
2.0 22.60895136 -0.400390625 1.1972405000000002 0.620078731 85.70155074 1330.0 -10.90009465
2.375 12.107088000000001 -0.546666667 1.307292369 0.546490491 87.34499943 1440.0 -10.600667478389495
1.5735294119999998 18.54869726 -0.23 1.3595404830000002 0.820010419 84.37750464 1990.0 -10.66097978
1.62 17.35595912 -0.264423077 1.336364536 0.803598715 84.33483396 1900.0 -10.6198364
2.0 22.60895136 -0.400390625 1.1972405000000002 0.620078731 83.87988921 1645.0 -10.70368208
2.0 22.60895136 -0.400390625 1.1972405000000002 0.620078731 83.87988921 1835.0 -10.59716693
1.5735294119999998 18.54869726 -0.23 1.3595404830000002 0.820010419 84.37750464 1605.0 -10.92590546
1.5735294119999998 18.54869726 -0.23 1.3595404830000002 0.820010419 84.37750464 1745.0 -10.82315218
2.0 22.60895136 -0.400390625 1.1972405000000002 0.620078731 83.87988921 1660.0 -10.69492423
2.0 22.60895136 -0.400390625 1.1972405000000002 0.620078731 85.70155074 1945.0 -10.54801025
1.6875 15.51457956 -0.393939394 1.262314605 0.5 84.3436191 1970.0 -10.0428759458107
2.06 20.01780488 -0.36637931 1.3896769690000002 0.769470978 86.79573993 785.0 -11.56094997
1.6875 15.51457956 -0.393939394 1.262314605 0.5 84.3436191 705.0 -11.441459215223535
2.375 12.107088000000001 -0.546666667 1.307292369 0.546490491 87.34499943 755.0 -11.22451423009234
2.0 22.60895136 -0.400390625 1.1972405000000002 0.620078731 85.83081779999999 720.0 -11.2972586
1.62 17.35595912 -0.264423077 1.336364536 0.803598715 85.27547145 880.0 -11.37135792
1.62 17.35595912 -0.264423077 1.336364536 0.803598715 84.33483396 710.0 -11.64934117
1.5735294119999998 18.54869726 -0.23 1.3595404830000002 0.820010419 84.37750464 955.0 -11.55305752
1.5735294119999998 18.54869726 -0.23 1.3595404830000002 0.820010419 84.37750464 865.0 -11.669977900000001
2.375 12.107088000000001 -0.546666667 1.307292369 0.546490491 87.34499943 855.0 -11.108147022448161
1.62 17.35595912 -0.264423077 1.336364536 0.803598715 84.33483396 1030.0 -11.27899372
2.0 22.60895136 -0.400390625 1.1972405000000002 0.620078731 85.70155074 1240.0 -10.96118469
1.6875 15.51457956 -0.393939394 1.262314605 0.5 85.19452266 1080.0 -10.819157115369194
2.375 12.107088000000001 -0.546666667 1.307292369 0.546490491 87.34499943 1370.0 -10.650308120541613
2.375 12.107088000000001 -0.546666667 1.307292369 0.546490491 87.34499943 1345.0 -10.668602407431386
1.6875 15.51457956 -0.393939394 1.262314605 0.5 84.3436191 1050.0 -10.837360019234826
1.62 17.35595912 -0.264423077 1.336364536 0.803598715 84.33483396 1115.0 -11.19659191
2.0 22.60895136 -0.400390625 1.1972405000000002 0.620078731 85.83081779999999 1190.0 -10.868631599999999
1.6875 15.51457956 -0.393939394 1.262314605 0.5 85.19452266 1115.0 -10.781860935450283
1.62 17.35595912 -0.264423077 1.336364536 0.803598715 84.33483396 1755.0 -10.70784772
2.0 22.60895136 -0.400390625 1.1972405000000002 0.620078731 85.70155074 1700.0 -10.67631913
2.0 22.60895136 -0.400390625 1.1972405000000002 0.620078731 83.87988921 1805.0 -10.61337376
2.0 22.60895136 -0.400390625 1.1972405000000002 0.620078731 83.87988921 1885.0 -10.57063097
2.0 22.60895136 -0.400390625 1.1972405000000002 0.620078731 85.70155074 1935.0 -10.55298662
2.06 20.01780488 -0.36637931 1.3896769690000002 0.769470978 86.79573993 1735.0 -10.69381154
2.06 20.01780488 -0.36637931 1.3896769690000002 0.769470978 86.79573993 1905.0 -10.5919212
2.0 22.60895136 -0.400390625 1.1972405000000002 0.620078731 85.83081779999999 1815.0 -10.45414965
2.0 22.60895136 -0.400390625 1.1972405000000002 0.620078731 83.87988921 1505.0 -10.78860159
1.5735294119999998 18.54869726 -0.23 1.3595404830000002 0.820010419 84.37750464 870.0 -11.66319792
2.375 12.107088000000001 -0.546666667 1.307292369 0.546490491 87.34499943 890.0 -11.070161482545561
2.375 12.107088000000001 -0.546666667 1.307292369 0.546490491 87.34499943 720.0 -11.268322947296015
1.62 17.35595912 -0.264423077 1.336364536 0.803598715 84.33483396 860.0 -11.46219696
2.375 12.107088000000001 -0.546666667 1.307292369 0.546490491 87.34499943 935.0 -11.023179808450985
2.0 22.60895136 -0.400390625 1.1972405000000002 0.620078731 85.70155074 800.0 -11.306985899999999
2.06 20.01780488 -0.36637931 1.3896769690000002 0.769470978 86.79573993 805.0 -11.53334517
1.5735294119999998 18.54869726 -0.23 1.3595404830000002 0.820010419 84.37750464 860.0 -11.67679353
2.0 22.60895136 -0.400390625 1.1972405000000002 0.620078731 85.70155074 880.0 -11.23788193
1.62 17.35595912 -0.264423077 1.336364536 0.803598715 84.33483396 1045.0 -11.26404878
2.375 12.107088000000001 -0.546666667 1.307292369 0.546490491 87.34499943 1315.0 -10.690970694407051
1.62 17.35595912 -0.264423077 1.336364536 0.803598715 84.33483396 1265.0 -11.06336437
1.8 6.561576 -0.5 1.3779050309999998 0.763230027 85.72100355 1095.0 -11.147215720025018
1.6875 15.51457956 -0.393939394 1.262314605 0.5 84.3436191 1075.0 -10.80462615673476
1.6875 15.51457956 -0.393939394 1.262314605 0.5 84.3436191 1235.0 -10.617135750858399
1.62 17.35595912 -0.264423077 1.336364536 0.803598715 85.27547145 1070.0 -11.17446423
1.6875 15.51457956 -0.393939394 1.262314605 0.5 84.3436191 1145.0 -10.71824368991457
2.0 22.60895136 -0.400390625 1.1972405000000002 0.620078731 85.83081779999999 1030.0 -11.00040335
2.0 22.60895136 -0.400390625 1.1972405000000002 0.620078731 85.83081779999999 1785.0 -10.47120127
2.0 22.60895136 -0.400390625 1.1972405000000002 0.620078731 85.70155074 1685.0 -10.68463801
1.8 6.561576 -0.5 1.3779050309999998 0.763230027 85.72100355 1680.0 -10.79618966979746
1.6875 15.51457956 -0.393939394 1.262314605 0.5 84.3436191 1540.0 -10.336074220632097
2.06 20.01780488 -0.36637931 1.3896769690000002 0.769470978 86.79573993 1955.0 -10.56368889
1.5735294119999998 18.54869726 -0.23 1.3595404830000002 0.820010419 84.37750464 1895.0 -10.72146178
2.0 22.60895136 -0.400390625 1.1972405000000002 0.620078731 83.87988921 1555.0 -10.75759262
1.6875 15.51457956 -0.393939394 1.262314605 0.5 85.19452266 1715.0 -10.301729267012208
2.06 20.01780488 -0.36637931 1.3896769690000002 0.769470978 86.79573993 1845.0 -10.62679974
2.0 22.60895136 -0.400390625 1.1972405000000002 0.620078731 85.83081779999999 940.0 -11.08057963
2.06 20.01780488 -0.36637931 1.3896769690000002 0.769470978 86.79573993 700.0 -11.68680355
1.6875 15.51457956 -0.393939394 1.262314605 0.5 85.19452266 765.0 -11.242331265366127
1.8 6.561576 -0.5 1.3779050309999998 0.763230027 85.72100355 980.0 -11.236594322420089
1.8 6.561576 -0.5 1.3779050309999998 0.763230027 85.72100355 880.0 -11.322509740565438
1.8 6.561576 -0.5 1.3779050309999998 0.763230027 85.72100355 835.0 -11.364103352434821
2.0 22.60895136 -0.400390625 1.1972405000000002 0.620078731 85.83081779999999 810.0 -11.20494206
1.62 17.35595912 -0.264423077 1.336364536 0.803598715 84.33483396 810.0 -11.52158157
1.62 17.35595912 -0.264423077 1.336364536 0.803598715 84.33483396 985.0 -11.32493703
2.0 22.60895136 -0.400390625 1.1972405000000002 0.620078731 85.70155074 1275.0 -10.93707922
1.62 17.35595912 -0.264423077 1.336364536 0.803598715 85.27547145 1165.0 -11.08749445
1.62 17.35595912 -0.264423077 1.336364536 0.803598715 84.33483396 1390.0 -10.96240228
2.0 22.60895136 -0.400390625 1.1972405000000002 0.620078731 85.83081779999999 1215.0 -10.84918119
1.6875 15.51457956 -0.393939394 1.262314605 0.5 85.19452266 1330.0 -10.580335131362643
2.0 22.60895136 -0.400390625 1.1972405000000002 0.620078731 85.83081779999999 1025.0 -11.00473736
2.06 20.01780488 -0.36637931 1.3896769690000002 0.769470978 86.79573993 1300.0 -11.00878821
1.62 17.35595912 -0.264423077 1.336364536 0.803598715 85.27547145 1415.0 -10.88620562
2.0 22.60895136 -0.400390625 1.1972405000000002 0.620078731 83.87988921 1240.0 -10.96728605
2.06 20.01780488 -0.36637931 1.3896769690000002 0.769470978 86.79573993 1515.0 -10.84170365
2.0 22.60895136 -0.400390625 1.1972405000000002 0.620078731 85.70155074 1980.0 -10.53075496
2.375 12.107088000000001 -0.546666667 1.307292369 0.546490491 87.34499943 1765.0 -10.396007708478265
1.5735294119999998 18.54869726 -0.23 1.3595404830000002 0.820010419 84.37750464 1810.0 -10.77809684
1.6875 15.51457956 -0.393939394 1.262314605 0.5 84.3436191 1875.0 -10.100227624704608
2.375 12.107088000000001 -0.546666667 1.307292369 0.546490491 87.34499943 1575.0 -10.510913439234763
1.6875 15.51457956 -0.393939394 1.262314605 0.5 85.19452266 1950.0 -10.165457471819442
1.62 17.35595912 -0.264423077 1.336364536 0.803598715 84.33483396 1600.0 -10.80954066
2.0 22.60895136 -0.400390625 1.1972405000000002 0.620078731 85.83081779999999 1700.0 -10.52083047
