1.6875 15.51457956 -0.393939394 1.262314605 0.5 85.19452266 905.0 -11.031219070781681
1.62 17.35595912 -0.264423077 1.336364536 0.803598715 84.33483396 985.0 -11.32493703
1.6875 15.51457956 -0.393939394 1.262314605 0.5 84.3436191 920.0 -11.026801319154721
1.5735294119999998 18.54869726 -0.23 1.3595404830000002 0.820010419 84.37750464 895.0 -11.62982013
2.06 20.01780488 -0.36637931 1.3896769690000002 0.769470978 86.79573993 710.0 -11.67121654
2.375 12.107088000000001 -0.546666667 1.307292369 0.546490491 87.34499943 860.0 -11.102639399937377
1.62 17.35595912 -0.264423077 1.336364536 0.803598715 84.33483396 960.0 -11.35121226
2.375 12.107088000000001 -0.546666667 1.307292369 0.546490491 87.34499943 765.0 -11.21230940518696
2.0 22.60895136 -0.400390625 1.1972405000000002 0.620078731 85.83081779999999 790.0 -11.22501403
2.0 22.60895136 -0.400390625 1.1972405000000002 0.620078731 85.83081779999999 1410.0 -10.706772099999998
1.62 17.35595912 -0.264423077 1.336364536 0.803598715 84.33483396 1380.0 -10.97018037
1.62 17.35595912 -0.264423077 1.336364536 0.803598715 84.33483396 1275.0 -11.05497474
1.8 6.561576 -0.5 1.3779050309999998 0.763230027 85.72100355 1385.0 -10.95563027009416
1.6875 15.51457956 -0.393939394 1.262314605 0.5 85.19452266 1100.0 -10.797665953413315
1.6875 15.51457956 -0.393939394 1.262314605 0.5 85.19452266 1325.0 -10.584562753517465
1.5735294119999998 18.54869726 -0.23 1.3595404830000002 0.820010419 84.37750464 1425.0 -11.07133939
2.375 12.107088000000001 -0.546666667 1.307292369 0.546490491 87.34499943 1240.0 -10.748995047270444
2.0 22.60895136 -0.400390625 1.1972405000000002 0.620078731 85.70155074 1180.0 -11.00358254
2.0 22.60895136 -0.400390625 1.1972405000000002 0.620078731 85.70155074 1535.0 -10.77112027
1.6875 15.51457956 -0.393939394 1.262314605 0.5 84.3436191 1545.0 -10.332085511877988
1.8 6.561576 -0.5 1.3779050309999998 0.763230027 85.72100355 1950.0 -10.672120520816392
1.6875 15.51457956 -0.393939394 1.262314605 0.5 84.3436191 1540.0 -10.336074220632097
2.0 22.60895136 -0.400390625 1.1972405000000002 0.620078731 85.83081779999999 1610.0 -10.57563539
2.0 22.60895136 -0.400390625 1.1972405000000002 0.620078731 83.87988921 1725.0 -10.65768661
2.0 22.60895136 -0.400390625 1.1972405000000002 0.620078731 85.83081779999999 1800.0 -10.46264605
2.0 22.60895136 -0.400390625 1.1972405000000002 0.620078731 83.87988921 1540.0 -10.76681335
1.62 17.35595912 -0.264423077 1.336364536 0.803598715 84.33483396 1585.0 -10.81984731
2.0 22.60895136 -0.400390625 1.1972405000000002 0.620078731 83.87988921 745.0 -11.38375425
1.8 6.561576 -0.5 1.3779050309999998 0.763230027 85.72100355 765.0 -11.43299802457868
1.6875 15.51457956 -0.393939394 1.262314605 0.5 84.3436191 835.0 -11.172295396632164
1.62 17.35595912 -0.264423077 1.336364536 0.803598715 84.33483396 860.0 -11.46219696
2.0 22.60895136 -0.400390625 1.1972405000000002 0.620078731 85.70155074 880.0 -11.23788193
1.5735294119999998 18.54869726 -0.23 1.3595404830000002 0.820010419 84.37750464 985.0 -11.51631872
2.0 22.60895136 -0.400390625 1.1972405000000002 0.620078731 85.83081779999999 765.0 -11.25046116
1.62 17.35595912 -0.264423077 1.336364536 0.803598715 84.33483396 710.0 -11.64934117
1.62 17.35595912 -0.264423077 1.336364536 0.803598715 84.33483396 995.0 -11.31457994
1.62 17.35595912 -0.264423077 1.336364536 0.803598715 85.27547145 1495.0 -10.82869333
1.62 17.35595912 -0.264423077 1.336364536 0.803598715 85.27547145 1000.0 -11.24310231
2.06 20.01780488 -0.36637931 1.3896769690000002 0.769470978 86.79573993 1165.0 -11.1285959
2.375 12.107088000000001 -0.546666667 1.307292369 0.546490491 87.34499943 1290.0 -10.709969684180768
2.06 20.01780488 -0.36637931 1.3896769690000002 0.769470978 86.79573993 1030.0 -11.26330191
1.62 17.35595912 -0.264423077 1.336364536 0.803598715 84.33483396 1455.0 -10.91301435
1.8 6.561576 -0.5 1.3779050309999998 0.763230027 85.72100355 1055.0 -11.177278158044707
1.62 17.35595912 -0.264423077 1.336364536 0.803598715 85.27547145 1380.0 -10.91231877
2.0 22.60895136 -0.400390625 1.1972405000000002 0.620078731 83.87988921 1120.0 -11.05729892
1.8 6.561576 -0.5 1.3779050309999998 0.763230027 85.72100355 1830.0 -10.72509182946224
2.0 22.60895136 -0.400390625 1.1972405000000002 0.620078731 85.70155074 1840.0 -10.6013269
1.6875 15.51457956 -0.393939394 1.262314605 0.5 84.3436191 1510.0 -10.360362544254137
2.0 22.60895136 -0.400390625 1.1972405000000002 0.620078731 85.83081779999999 1705.0 -10.51785545
2.375 12.107088000000001 -0.546666667 1.307292369 0.546490491 87.34499943 1615.0 -10.485688011263964
2.06 20.01780488 -0.36637931 1.3896769690000002 0.769470978 86.79573993 1720.0 -10.70327896
1.62 17.35595912 -0.264423077 1.336364536 0.803598715 85.27547145 1920.0 -10.5643653
2.0 22.60895136 -0.400390625 1.1972405000000002 0.620078731 85.70155074 1755.0 -10.6462979
1.6875 15.51457956 -0.393939394 1.262314605 0.5 84.3436191 1605.0 -10.285479292851957
1.6875 15.51457956 -0.393939394 1.262314605 0.5 84.3436191 760.0 -11.319445740648318
1.8 6.561576 -0.5 1.3779050309999998 0.763230027 85.72100355 935.0 -11.274216546156339
1.6875 15.51457956 -0.393939394 1.262314605 0.5 85.19452266 815.0 -11.161606275058844
1.6875 15.51457956 -0.393939394 1.262314605 0.5 84.3436191 935.0 -11.003088600886965
1.5735294119999998 18.54869726 -0.23 1.3595404830000002 0.820010419 84.37750464 795.0 -11.76881907
1.8 6.561576 -0.5 1.3779050309999998 0.763230027 85.72100355 830.0 -11.368849043992835
1.5735294119999998 18.54869726 -0.23 1.3595404830000002 0.820010419 84.37750464 980.0 -11.52236985
1.62 17.35595912 -0.264423077 1.336364536 0.803598715 84.33483396 875.0 -11.44491185
2.0 22.60895136 -0.400390625 1.1972405000000002 0.620078731 83.87988921 975.0 -11.17493453
1.6875 15.51457956 -0.393939394 1.262314605 0.5 84.3436191 1165.0 -10.69487031825315
2.06 20.01780488 -0.36637931 1.3896769690000002 0.769470978 86.79573993 1440.0 -10.89711266
1.8 6.561576 -0.5 1.3779050309999998 0.763230027 85.72100355 1325.0 -10.991963197878082
1.8 6.561576 -0.5 1.3779050309999998 0.763230027 85.72100355 1230.0 -11.052778572606336
2.0 22.60895136 -0.400390625 1.1972405000000002 0.620078731 85.70155074 1410.0 -10.84816165
2.375 12.107088000000001 -0.546666667 1.307292369 0.546490491 87.34499943 1370.0 -10.650308120541613
2.0 22.60895136 -0.400390625 1.1972405000000002 0.620078731 83.87988921 1165.0 -11.02280727
2.0 22.60895136 -0.400390625 1.1972405000000002 0.620078731 83.87988921 1195.0 -11.00031073
2.06 20.01780488 -0.36637931 1.3896769690000002 0.769470978 86.79573993 1100.0 -11.19137029
2.0 22.60895136 -0.400390625 1.1972405000000002 0.620078731 83.87988921 1875.0 -10.57589155
2.0 22.60895136 -0.400390625 1.1972405000000002 0.620078731 85.70155074 1990.0 -10.5258705
2.0 22.60895136 -0.400390625 1.1972405000000002 0.620078731 83.87988921 1565.0 -10.75148378
2.0 22.60895136 -0.400390625 1.1972405000000002 0.620078731 85.83081779999999 1595.0 -10.58500864
1.62 17.35595912 -0.264423077 1.336364536 0.803598715 84.33483396 1725.0 -10.72687928
2.0 22.60895136 -0.400390625 1.1972405000000002 0.620078731 85.83081779999999 1720.0 -10.50897295
1.5735294119999998 18.54869726 -0.23 1.3595404830000002 0.820010419 84.37750464 1820.0 -10.7713031
1.6875 15.51457956 -0.393939394 1.262314605 0.5 84.3436191 1785.0 -10.158016287225255
1.6875 15.51457956 -0.393939394 1.262314605 0.5 85.19452266 1830.0 -10.232521078467846
2.0 22.60895136 -0.400390625 1.1972405000000002 0.620078731 83.87988921 730.0 -11.398337800000002
1.5735294119999998 18.54869726 -0.23 1.3595404830000002 0.820010419 84.37750464 815.0 -11.73980207
2.375 12.107088000000001 -0.546666667 1.307292369 0.546490491 87.34499943 845.0 -11.119245776090604
2.0 22.60895136 -0.400390625 1.1972405000000002 0.620078731 85.83081779999999 935.0 -11.08517169
1.62 17.35595912 -0.264423077 1.336364536 0.803598715 84.33483396 935.0 -11.37805178
2.0 22.60895136 -0.400390625 1.1972405000000002 0.620078731 85.83081779999999 820.0 -11.19500128
1.8 6.561576 -0.5 1.3779050309999998 0.763230027 85.72100355 890.0 -11.313528775077133
1.62 17.35595912 -0.264423077 1.336364536 0.803598715 85.27547145 740.0 -11.541826400000001
1.5735294119999998 18.54869726 -0.23 1.3595404830000002 0.820010419 84.37750464 965.0 -11.54069496
2.375 12.107088000000001 -0.546666667 1.307292369 0.546490491 87.34499943 1320.0 -10.687210480273375
1.6875 15.51457956 -0.393939394 1.262314605 0.5 84.3436191 1345.0 -10.50616479109426
2.0 22.60895136 -0.400390625 1.1972405000000002 0.620078731 83.87988921 1105.0 -11.06900068
2.0 22.60895136 -0.400390625 1.1972405000000002 0.620078731 83.87988921 1280.0 -10.93863092
1.5735294119999998 18.54869726 -0.23 1.3595404830000002 0.820010419 84.37750464 1395.0 -11.09725813
2.0 22.60895136 -0.400390625 1.1972405000000002 0.620078731 85.83081779999999 1110.0 -10.93288631
1.62 17.35595912 -0.264423077 1.336364536 0.803598715 84.33483396 1470.0 -10.90189472
2.0 22.60895136 -0.400390625 1.1972405000000002 0.620078731 83.87988921 1005.0 -11.14974724
1.6875 15.51457956 -0.393939394 1.262314605 0.5 84.3436191 1060.0 -10.824139510801903
2.06 20.01780488 -0.36637931 1.3896769690000002 0.769470978 86.79573993 2000.0 -10.53889335
2.0 22.60895136 -0.400390625 1.1972405000000002 0.620078731 83.87988921 1950.0 -10.5369875
1.5735294119999998 18.54869726 -0.23 1.3595404830000002 0.820010419 84.37750464 1540.0 -10.97654996
2.0 22.60895136 -0.400390625 1.1972405000000002 0.620078731 85.83081779999999 1755.0 -10.48849131
1.5735294119999998 18.54869726 -0.23 1.3595404830000002 0.820010419 84.37750464 1900.0 -10.71820665
1.6875 15.51457956 -0.393939394 1.262314605 0.5 85.19452266 1790.0 -10.256008349027676
1.62 17.35595912 -0.264423077 1.336364536 0.803598715 85.27547145 1530.0 -10.80442485
1.6875 15.51457956 -0.393939394 1.262314605 0.5 85.19452266 1850.0 -10.220998486814885
1.8 6.561576 -0.5 1.3779050309999998 0.763230027 85.72100355 1790.0 -10.743490613163361
1.62 17.35595912 -0.264423077 1.336364536 0.803598715 84.33483396 715.0 -11.64264327
1.6875 15.51457956 -0.393939394 1.262314605 0.5 84.3436191 810.0 -11.219160335030852
2.0 22.60895136 -0.400390625 1.1972405000000002 0.620078731 85.83081779999999 700.0 -11.31845931
1.6875 15.51457956 -0.393939394 1.262314605 0.5 84.3436191 790.0 -11.258173684729858
1.62 17.35595912 -0.264423077 1.336364536 0.803598715 84.33483396 980.0 -11.33014801
2.06 20.01780488 -0.36637931 1.3896769690000002 0.769470978 86.79573993 990.0 -11.3066545
1.62 17.35595912 -0.264423077 1.336364536 0.803598715 84.33483396 950.0 -11.36187907
2.0 22.60895136 -0.400390625 1.1972405000000002 0.620078731 83.87988921 940.0 -11.20490356
2.375 12.107088000000001 -0.546666667 1.307292369 0.546490491 87.34499943 975.0 -10.983046295998808
2.0 22.60895136 -0.400390625 1.1972405000000002 0.620078731 85.70155074 1020.0 -11.12371807
2.0 22.60895136 -0.400390625 1.1972405000000002 0.620078731 85.83081779999999 1030.0 -11.00040335
1.62 17.35595912 -0.264423077 1.336364536 0.803598715 85.27547145 1355.0 -10.93134768
1.8 6.561576 -0.5 1.3779050309999998 0.763230027 85.72100355 1295.0 -11.010713801943313
2.0 22.60895136 -0.400390625 1.1972405000000002 0.620078731 85.70155074 1120.0 -11.04739324
2.06 20.01780488 -0.36637931 1.3896769690000002 0.769470978 86.79573993 1165.0 -11.1285959
1.6875 15.51457956 -0.393939394 1.262314605 0.5 85.19452266 1455.0 -10.480423564141061
1.62 17.35595912 -0.264423077 1.336364536 0.803598715 84.33483396 1415.0 -10.94317043
1.62 17.35595912 -0.264423077 1.336364536 0.803598715 84.33483396 1075.0 -11.23468801
1.6875 15.51457956 -0.393939394 1.262314605 0.5 84.3436191 1550.0 -10.328113401068354
2.06 20.01780488 -0.36637931 1.3896769690000002 0.769470978 86.79573993 1555.0 -10.81327043
2.06 20.01780488 -0.36637931 1.3896769690000002 0.769470978 86.79573993 1500.0 -10.85256128
2.0 22.60895136 -0.400390625 1.1972405000000002 0.620078731 85.83081779999999 1795.0 -10.46549122
1.6875 15.51457956 -0.393939394 1.262314605 0.5 84.3436191 1665.0 -10.241052917754708
2.0 22.60895136 -0.400390625 1.1972405000000002 0.620078731 83.87988921 1860.0 -10.58382581
1.6875 15.51457956 -0.393939394 1.262314605 0.5 85.19452266 1575.0 -10.393651423380488
2.0 22.60895136 -0.400390625 1.1972405000000002 0.620078731 85.83081779999999 1885.0 -10.41525519
1.6875 15.51457956 -0.393939394 1.262314605 0.5 85.19452266 1910.0 -10.18727260749528
1.62 17.35595912 -0.264423077 1.336364536 0.803598715 85.27547145 930.0 -11.31615277
2.0 22.60895136 -0.400390625 1.1972405000000002 0.620078731 85.70155074 750.0 -11.35151134
2.0 22.60895136 -0.400390625 1.1972405000000002 0.620078731 85.83081779999999 990.0 -11.03546572
2.06 20.01780488 -0.36637931 1.3896769690000002 0.769470978 86.79573993 900.0 -11.41103979
2.375 12.107088000000001 -0.546666667 1.307292369 0.546490491 87.34499943 735.0 -11.249335301612273
1.8 6.561576 -0.5 1.3779050309999998 0.763230027 85.72100355 840.0 -11.359383197903671
1.6875 15.51457956 -0.393939394 1.262314605 0.5 85.19452266 750.0 -11.267895393815573
1.8 6.561576 -0.5 1.3779050309999998 0.763230027 85.72100355 790.0 -11.407767781975444
2.375 12.107088000000001 -0.546666667 1.307292369 0.546490491 87.34499943 845.0 -11.119245776090604
2.06 20.01780488 -0.36637931 1.3896769690000002 0.769470978 86.79573993 1345.0 -10.97162334
1.62 17.35595912 -0.264423077 1.336364536 0.803598715 84.33483396 1165.0 -11.15056492
1.62 17.35595912 -0.264423077 1.336364536 0.803598715 85.27547145 1465.0 -10.84991854
1.62 17.35595912 -0.264423077 1.336364536 0.803598715 84.33483396 1415.0 -10.94317043
2.375 12.107088000000001 -0.546666667 1.307292369 0.546490491 87.34499943 1125.0 -10.844456505420967
1.62 17.35595912 -0.264423077 1.336364536 0.803598715 84.33483396 1090.0 -11.22026428
2.0 22.60895136 -0.400390625 1.1972405000000002 0.620078731 83.87988921 1235.0 -10.97091369
2.0 22.60895136 -0.400390625 1.1972405000000002 0.620078731 85.70155074 1190.0 -10.99641986
1.6875 15.51457956 -0.393939394 1.262314605 0.5 85.19452266 1200.0 -10.696966072759182
1.6875 15.51457956 -0.393939394 1.262314605 0.5 85.19452266 1550.0 -10.411072010388375
2.06 20.01780488 -0.36637931 1.3896769690000002 0.769470978 86.79573993 1545.0 -10.82030915
1.6875 15.51457956 -0.393939394 1.262314605 0.5 85.19452266 1525.0 -10.428826176133997
2.0 22.60895136 -0.400390625 1.1972405000000002 0.620078731 85.83081779999999 1535.0 -10.62322085
1.62 17.35595912 -0.264423077 1.336364536 0.803598715 85.27547145 1750.0 -10.66278795
1.62 17.35595912 -0.264423077 1.336364536 0.803598715 85.27547145 1830.0 -10.61539868
2.0 22.60895136 -0.400390625 1.1972405000000002 0.620078731 83.87988921 1890.0 -10.56800929
2.0 22.60895136 -0.400390625 1.1972405000000002 0.620078731 83.87988921 1580.0 -10.74237731
2.0 22.60895136 -0.400390625 1.1972405000000002 0.620078731 85.70155074 1835.0 -10.60392609
1.6875 15.51457956 -0.393939394 1.262314605 0.5 84.3436191 710.0 -11.42979851364835
1.62 17.35595912 -0.264423077 1.336364536 0.803598715 85.27547145 950.0 -11.29479838
1.6875 15.51457956 -0.393939394 1.262314605 0.5 85.19452266 990.0 -10.922359051759921
1.5735294119999998 18.54869726 -0.23 1.3595404830000002 0.820010419 84.37750464 940.0 -11.57182566
1.6875 15.51457956 -0.393939394 1.262314605 0.5 84.3436191 875.0 -11.101333534087932
2.0 22.60895136 -0.400390625 1.1972405000000002 0.620078731 83.87988921 890.0 -11.248830499999999
1.62 17.35595912 -0.264423077 1.336364536 0.803598715 84.33483396 870.0 -11.45064728
1.6875 15.51457956 -0.393939394 1.262314605 0.5 84.3436191 820.0 -11.20016886098709
2.0 22.60895136 -0.400390625 1.1972405000000002 0.620078731 83.87988921 965.0 -11.18343243
1.5735294119999998 18.54869726 -0.23 1.3595404830000002 0.820010419 84.37750464 1255.0 -11.22561953
1.62 17.35595912 -0.264423077 1.336364536 0.803598715 85.27547145 1220.0 -11.04003566
1.6875 15.51457956 -0.393939394 1.262314605 0.5 84.3436191 1035.0 -10.857518558119807
2.375 12.107088000000001 -0.546666667 1.307292369 0.546490491 87.34499943 1460.0 -10.586892183568256
1.6875 15.51457956 -0.393939394 1.262314605 0.5 84.3436191 1090.0 -10.785481824232019
2.0 22.60895136 -0.400390625 1.1972405000000002 0.620078731 85.83081779999999 1415.0 -10.70332164
2.06 20.01780488 -0.36637931 1.3896769690000002 0.769470978 86.79573993 1200.0 -11.09624143
1.5735294119999998 18.54869726 -0.23 1.3595404830000002 0.820010419 84.37750464 1025.0 -11.46890275
2.0 22.60895136 -0.400390625 1.1972405000000002 0.620078731 83.87988921 1255.0 -10.95646459
1.5735294119999998 18.54869726 -0.23 1.3595404830000002 0.820010419 84.37750464 1650.0 -10.89197512
1.6875 15.51457956 -0.393939394 1.262314605 0.5 85.19452266 1885.0 -10.201174969598341
1.62 17.35595912 -0.264423077 1.336364536 0.803598715 85.27547145 1950.0 -10.54785547
1.8 6.561576 -0.5 1.3779050309999998 0.763230027 85.72100355 1805.0 -10.736545404091439
1.62 17.35595912 -0.264423077 1.336364536 0.803598715 85.27547145 1810.0 -10.62706043
2.0 22.60895136 -0.400390625 1.1972405000000002 0.620078731 85.83081779999999 1865.0 -10.426243300000001
1.6875 15.51457956 -0.393939394 1.262314605 0.5 85.19452266 1960.0 -10.160083737421218
2.0 22.60895136 -0.400390625 1.1972405000000002 0.620078731 85.83081779999999 1590.0 -10.58814876
1.8 6.561576 -0.5 1.3779050309999998 0.763230027 85.72100355 1575.0 -10.84965601944983
1.62 17.35595912 -0.264423077 1.336364536 0.803598715 85.27547145 920.0 -11.326982000000001
2.06 20.01780488 -0.36637931 1.3896769690000002 0.769470978 86.79573993 740.0 -11.62575608
2.375 12.107088000000001 -0.546666667 1.307292369 0.546490491 87.34499943 950.0 -11.007956685072871
2.0 22.60895136 -0.400390625 1.1972405000000002 0.620078731 85.83081779999999 800.0 -11.21494629
1.6875 15.51457956 -0.393939394 1.262314605 0.5 85.19452266 870.0 -11.079871589168846
2.06 20.01780488 -0.36637931 1.3896769690000002 0.769470978 86.79573993 785.0 -11.56094997
1.62 17.35595912 -0.264423077 1.336364536 0.803598715 84.33483396 925.0 -11.38895079
1.6875 15.51457956 -0.393939394 1.262314605 0.5 85.19452266 805.0 -11.177229887552526
1.6875 15.51457956 -0.393939394 1.262314605 0.5 85.19452266 750.0 -11.267895393815573
1.5735294119999998 18.54869726 -0.23 1.3595404830000002 0.820010419 84.37750464 1330.0 -11.15526978
1.62 17.35595912 -0.264423077 1.336364536 0.803598715 85.27547145 1185.0 -11.07000567
1.6875 15.51457956 -0.393939394 1.262314605 0.5 84.3436191 1025.0 -10.87118241737281
2.06 20.01780488 -0.36637931 1.3896769690000002 0.769470978 86.79573993 1390.0 -10.93569002
2.06 20.01780488 -0.36637931 1.3896769690000002 0.769470978 86.79573993 1045.0 -11.24748128
2.375 12.107088000000001 -0.546666667 1.307292369 0.546490491 87.34499943 1400.0 -10.628754675436824
1.6875 15.51457956 -0.393939394 1.262314605 0.5 84.3436191 1400.0 -10.455079334885173
1.6875 15.51457956 -0.393939394 1.262314605 0.5 84.3436191 1330.0 -10.520576132872977
2.375 12.107088000000001 -0.546666667 1.307292369 0.546490491 87.34499943 1005.0 -10.953884346676375
1.6875 15.51457956 -0.393939394 1.262314605 0.5 84.3436191 1665.0 -10.241052917754708
2.0 22.60895136 -0.400390625 1.1972405000000002 0.620078731 85.83081779999999 1845.0 -10.43733022
1.62 17.35595912 -0.264423077 1.336364536 0.803598715 84.33483396 1920.0 -10.60818158
1.8 6.561576 -0.5 1.3779050309999998 0.763230027 85.72100355 1900.0 -10.693801358663942
2.06 20.01780488 -0.36637931 1.3896769690000002 0.769470978 86.79573993 1955.0 -10.56368889
1.6875 15.51457956 -0.393939394 1.262314605 0.5 84.3436191 1785.0 -10.158016287225255
2.375 12.107088000000001 -0.546666667 1.307292369 0.546490491 87.34499943 1610.0 -10.488809228125998
1.5735294119999998 18.54869726 -0.23 1.3595404830000002 0.820010419 84.37750464 1555.0 -10.96468479
2.0 22.60895136 -0.400390625 1.1972405000000002 0.620078731 85.83081779999999 1750.0 -10.49139661
1.8 6.561576 -0.5 1.3779050309999998 0.763230027 85.72100355 975.0 -11.240695559214846
1.5735294119999998 18.54869726 -0.23 1.3595404830000002 0.820010419 84.37750464 870.0 -11.66319792
2.0 22.60895136 -0.400390625 1.1972405000000002 0.620078731 85.83081779999999 975.0 -11.04884752
1.5735294119999998 18.54869726 -0.23 1.3595404830000002 0.820010419 84.37750464 845.0 -11.697458099999999
1.6875 15.51457956 -0.393939394 1.262314605 0.5 84.3436191 995.0 -10.913303661337475
2.375 12.107088000000001 -0.546666667 1.307292369 0.546490491 87.34499943 720.0 -11.268322947296015
1.5735294119999998 18.54869726 -0.23 1.3595404830000002 0.820010419 84.37750464 825.0 -11.72553329
1.62 17.35595912 -0.264423077 1.336364536 0.803598715 84.33483396 960.0 -11.35121226
1.62 17.35595912 -0.264423077 1.336364536 0.803598715 85.27547145 810.0 -11.45342391
2.0 22.60895136 -0.400390625 1.1972405000000002 0.620078731 85.70155074 1225.0 -10.97165524
1.6875 15.51457956 -0.393939394 1.262314605 0.5 85.19452266 1110.0 -10.78710007127051
1.8 6.561576 -0.5 1.3779050309999998 0.763230027 85.72100355 1045.0 -11.184958232119813
1.6875 15.51457956 -0.393939394 1.262314605 0.5 85.19452266 1200.0 -10.696966072759182
2.375 12.107088000000001 -0.546666667 1.307292369 0.546490491 87.34499943 1365.0 -10.653942377858119
1.62 17.35595912 -0.264423077 1.336364536 0.803598715 84.33483396 1005.0 -11.30430822
1.8 6.561576 -0.5 1.3779050309999998 0.763230027 85.72100355 1450.0 -10.917907203578546
2.0 22.60895136 -0.400390625 1.1972405000000002 0.620078731 85.70155074 1095.0 -11.06607973
1.62 17.35595912 -0.264423077 1.336364536 0.803598715 84.33483396 1460.0 -10.90929657
1.62 17.35595912 -0.264423077 1.336364536 0.803598715 84.33483396 1505.0 -10.8763355
1.8 6.561576 -0.5 1.3779050309999998 0.763230027 85.72100355 1570.0 -10.85228580043429
1.6875 15.51457956 -0.393939394 1.262314605 0.5 84.3436191 1675.0 -10.23384701480424
1.8 6.561576 -0.5 1.3779050309999998 0.763230027 85.72100355 1820.0 -10.72965518521917
2.06 20.01780488 -0.36637931 1.3896769690000002 0.769470978 86.79573993 1890.0 -10.60053624
2.06 20.01780488 -0.36637931 1.3896769690000002 0.769470978 86.79573993 1630.0 -10.76188769
1.6875 15.51457956 -0.393939394 1.262314605 0.5 84.3436191 1670.0 -10.237443101265953
1.5735294119999998 18.54869726 -0.23 1.3595404830000002 0.820010419 84.37750464 1785.0 -10.79523972
1.62 17.35595912 -0.264423077 1.336364536 0.803598715 85.27547145 1600.0 -10.75740009
2.0 22.60895136 -0.400390625 1.1972405000000002 0.620078731 85.70155074 855.0 -11.25918108
1.62 17.35595912 -0.264423077 1.336364536 0.803598715 85.27547145 705.0 -11.58871455
1.8 6.561576 -0.5 1.3779050309999998 0.763230027 85.72100355 895.0 -11.309072583143536
2.0 22.60895136 -0.400390625 1.1972405000000002 0.620078731 83.87988921 705.0 -11.42288605
2.06 20.01780488 -0.36637931 1.3896769690000002 0.769470978 86.79573993 995.0 -11.30113971
1.6875 15.51457956 -0.393939394 1.262314605 0.5 84.3436191 900.0 -11.059277220396464
2.375 12.107088000000001 -0.546666667 1.307292369 0.546490491 87.34499943 870.0 -11.091706316206611
2.0 22.60895136 -0.400390625 1.1972405000000002 0.620078731 85.83081779999999 860.0 -11.155869599999999
1.62 17.35595912 -0.264423077 1.336364536 0.803598715 85.27547145 710.0 -11.58189834
2.06 20.01780488 -0.36637931 1.3896769690000002 0.769470978 86.79573993 1325.0 -10.98798403
1.8 6.561576 -0.5 1.3779050309999998 0.763230027 85.72100355 1460.0 -10.912245931331828
2.0 22.60895136 -0.400390625 1.1972405000000002 0.620078731 85.83081779999999 1075.0 -10.96200847
1.6875 15.51457956 -0.393939394 1.262314605 0.5 84.3436191 1435.0 -10.42391983416339
2.0 22.60895136 -0.400390625 1.1972405000000002 0.620078731 85.70155074 1050.0 -11.10037462
2.375 12.107088000000001 -0.546666667 1.307292369 0.546490491 87.34499943 1235.0 -10.752975822029606
1.5735294119999998 18.54869726 -0.23 1.3595404830000002 0.820010419 84.37750464 1305.0 -11.17829592
2.375 12.107088000000001 -0.546666667 1.307292369 0.546490491 87.34499943 1280.0 -10.717663369016481
1.6875 15.51457956 -0.393939394 1.262314605 0.5 84.3436191 1250.0 -10.601244137395803
1.8 6.561576 -0.5 1.3779050309999998 0.763230027 85.72100355 1645.0 -10.813649482651204
2.0 22.60895136 -0.400390625 1.1972405000000002 0.620078731 85.70155074 1785.0 -10.63023275
1.62 17.35595912 -0.264423077 1.336364536 0.803598715 85.27547145 1945.0 -10.55059035
2.375 12.107088000000001 -0.546666667 1.307292369 0.546490491 87.34499943 1510.0 -10.553201195342236
1.62 17.35595912 -0.264423077 1.336364536 0.803598715 84.33483396 1925.0 -10.60528524
1.62 17.35595912 -0.264423077 1.336364536 0.803598715 85.27547145 1825.0 -10.61830282
2.06 20.01780488 -0.36637931 1.3896769690000002 0.769470978 86.79573993 1570.0 -10.80279727
2.0 22.60895136 -0.400390625 1.1972405000000002 0.620078731 85.70155074 1810.0 -10.617007300000001
1.5735294119999998 18.54869726 -0.23 1.3595404830000002 0.820010419 84.37750464 1965.0 -10.67662257
