1.62 17.35595912 -0.264423077 1.336364536 0.803598715 84.33483396 750.0 -11.59670395
1.5735294119999998 18.54869726 -0.23 1.3595404830000002 0.820010419 84.37750464 735.0 -11.85997448
2.0 22.60895136 -0.400390625 1.1972405000000002 0.620078731 83.87988921 740.0 -11.38860303
2.0 22.60895136 -0.400390625 1.1972405000000002 0.620078731 85.70155074 975.0 -11.15946789
1.8 6.561576 -0.5 1.3779050309999998 0.763230027 85.72100355 985.0 -11.232512227138107
2.375 12.107088000000001 -0.546666667 1.307292369 0.546490491 87.34499943 955.0 -11.002929012059099
2.0 22.60895136 -0.400390625 1.1972405000000002 0.620078731 85.70155074 740.0 -11.36052832
2.06 20.01780488 -0.36637931 1.3896769690000002 0.769470978 86.79573993 715.0 -11.66350624
1.6875 15.51457956 -0.393939394 1.262314605 0.5 85.19452266 965.0 -10.953118742737617
1.62 17.35595912 -0.264423077 1.336364536 0.803598715 85.27547145 1465.0 -10.84991854
1.6875 15.51457956 -0.393939394 1.262314605 0.5 84.3436191 1290.0 -10.560080233336006
2.06 20.01780488 -0.36637931 1.3896769690000002 0.769470978 86.79573993 1075.0 -11.216516
2.0 22.60895136 -0.400390625 1.1972405000000002 0.620078731 83.87988921 1170.0 -11.019030599999999
2.06 20.01780488 -0.36637931 1.3896769690000002 0.769470978 86.79573993 1410.0 -10.92009402
2.0 22.60895136 -0.400390625 1.1972405000000002 0.620078731 85.70155074 1485.0 -10.80136274
1.62 17.35595912 -0.264423077 1.336364536 0.803598715 85.27547145 1325.0 -10.95461365
1.8 6.561576 -0.5 1.3779050309999998 0.763230027 85.72100355 1100.0 -11.143529636870358
2.0 22.60895136 -0.400390625 1.1972405000000002 0.620078731 83.87988921 1100.0 -11.07292442
2.0 22.60895136 -0.400390625 1.1972405000000002 0.620078731 85.83081779999999 1580.0 -10.59445279
2.375 12.107088000000001 -0.546666667 1.307292369 0.546490491 87.34499943 1590.0 -10.501384884842707
2.06 20.01780488 -0.36637931 1.3896769690000002 0.769470978 86.79573993 1500.0 -10.85256128
1.6875 15.51457956 -0.393939394 1.262314605 0.5 85.19452266 1740.0 -10.286235636732478
2.06 20.01780488 -0.36637931 1.3896769690000002 0.769470978 86.79573993 1940.0 -10.57208168
2.0 22.60895136 -0.400390625 1.1972405000000002 0.620078731 83.87988921 1850.0 -10.58914454
1.62 17.35595912 -0.264423077 1.336364536 0.803598715 85.27547145 1930.0 -10.55883508
2.0 22.60895136 -0.400390625 1.1972405000000002 0.620078731 83.87988921 1500.0 -10.79174595
2.06 20.01780488 -0.36637931 1.3896769690000002 0.769470978 86.79573993 1970.0 -10.55536056
1.6875 15.51457956 -0.393939394 1.262314605 0.5 84.3436191 900.0 -11.059277220396464
1.62 17.35595912 -0.264423077 1.336364536 0.803598715 85.27547145 800.0 -11.46564335
1.6875 15.51457956 -0.393939394 1.262314605 0.5 84.3436191 810.0 -11.219160335030852
1.62 17.35595912 -0.264423077 1.336364536 0.803598715 84.33483396 870.0 -11.45064728
2.06 20.01780488 -0.36637931 1.3896769690000002 0.769470978 86.79573993 840.0 -11.48666547
1.62 17.35595912 -0.264423077 1.336364536 0.803598715 85.27547145 715.0 -11.57512216
2.06 20.01780488 -0.36637931 1.3896769690000002 0.769470978 86.79573993 810.0 -11.52655237
1.6875 15.51457956 -0.393939394 1.262314605 0.5 85.19452266 840.0 -11.123603951939577
1.5735294119999998 18.54869726 -0.23 1.3595404830000002 0.820010419 84.37750464 910.0 -11.61019861
2.0 22.60895136 -0.400390625 1.1972405000000002 0.620078731 85.70155074 1175.0 -11.00717858
1.62 17.35595912 -0.264423077 1.336364536 0.803598715 84.33483396 1465.0 -10.90559004
1.6875 15.51457956 -0.393939394 1.262314605 0.5 84.3436191 1370.0 -10.482610290312543
2.0 22.60895136 -0.400390625 1.1972405000000002 0.620078731 83.87988921 1060.0 -11.10473839
2.375 12.107088000000001 -0.546666667 1.307292369 0.546490491 87.34499943 1400.0 -10.628754675436824
2.375 12.107088000000001 -0.546666667 1.307292369 0.546490491 87.34499943 1115.0 -10.853167344524476
2.0 22.60895136 -0.400390625 1.1972405000000002 0.620078731 85.83081779999999 1250.0 -10.82243076
1.62 17.35595912 -0.264423077 1.336364536 0.803598715 84.33483396 1355.0 -10.98984434
2.0 22.60895136 -0.400390625 1.1972405000000002 0.620078731 83.87988921 1090.0 -11.08080695
2.0 22.60895136 -0.400390625 1.1972405000000002 0.620078731 85.83081779999999 1960.0 -10.37490163
1.5735294119999998 18.54869726 -0.23 1.3595404830000002 0.820010419 84.37750464 1835.0 -10.76117925
2.375 12.107088000000001 -0.546666667 1.307292369 0.546490491 87.34499943 1520.0 -10.546586935437423
1.6875 15.51457956 -0.393939394 1.262314605 0.5 85.19452266 1685.0 -10.320671717298403
2.0 22.60895136 -0.400390625 1.1972405000000002 0.620078731 83.87988921 1985.0 -10.51925514
2.375 12.107088000000001 -0.546666667 1.307292369 0.546490491 87.34499943 1610.0 -10.488809228125998
2.0 22.60895136 -0.400390625 1.1972405000000002 0.620078731 85.83081779999999 1625.0 -10.56633205
1.8 6.561576 -0.5 1.3779050309999998 0.763230027 85.72100355 1880.0 -10.702627264851799
1.6875 15.51457956 -0.393939394 1.262314605 0.5 85.19452266 1865.0 -10.212450301027934
1.62 17.35595912 -0.264423077 1.336364536 0.803598715 85.27547145 760.0 -11.51586645
2.06 20.01780488 -0.36637931 1.3896769690000002 0.769470978 86.79573993 720.0 -11.65585036
1.5735294119999998 18.54869726 -0.23 1.3595404830000002 0.820010419 84.37750464 995.0 -11.50430073
2.0 22.60895136 -0.400390625 1.1972405000000002 0.620078731 85.83081779999999 920.0 -11.0990375
2.375 12.107088000000001 -0.546666667 1.307292369 0.546490491 87.34499943 900.0 -11.059545683172097
1.62 17.35595912 -0.264423077 1.336364536 0.803598715 85.27547145 720.0 -11.56838558
1.5735294119999998 18.54869726 -0.23 1.3595404830000002 0.820010419 84.37750464 720.0 -11.883797999999999
2.0 22.60895136 -0.400390625 1.1972405000000002 0.620078731 83.87988921 825.0 -11.30793011
1.6875 15.51457956 -0.393939394 1.262314605 0.5 84.3436191 780.0 -11.2782184740941
1.6875 15.51457956 -0.393939394 1.262314605 0.5 85.19452266 1205.0 -10.692202206040108
2.375 12.107088000000001 -0.546666667 1.307292369 0.546490491 87.34499943 1260.0 -10.733216232559851
2.0 22.60895136 -0.400390625 1.1972405000000002 0.620078731 85.83081779999999 1135.0 -10.91246825
1.62 17.35595912 -0.264423077 1.336364536 0.803598715 84.33483396 1290.0 -11.04249671
2.0 22.60895136 -0.400390625 1.1972405000000002 0.620078731 83.87988921 1185.0 -11.00776618
1.6875 15.51457956 -0.393939394 1.262314605 0.5 84.3436191 1480.0 -10.385283084296429
2.0 22.60895136 -0.400390625 1.1972405000000002 0.620078731 85.83081779999999 1385.0 -10.72416671
1.6875 15.51457956 -0.393939394 1.262314605 0.5 84.3436191 1315.0 -10.53520366728262
2.0 22.60895136 -0.400390625 1.1972405000000002 0.620078731 85.83081779999999 1445.0 -10.68281421
2.06 20.01780488 -0.36637931 1.3896769690000002 0.769470978 86.79573993 1590.0 -10.78898856
1.8 6.561576 -0.5 1.3779050309999998 0.763230027 85.72100355 1640.0 -10.816172574636187
2.06 20.01780488 -0.36637931 1.3896769690000002 0.769470978 86.79573993 1925.0 -10.58053993
2.06 20.01780488 -0.36637931 1.3896769690000002 0.769470978 86.79573993 1780.0 -10.66589533
1.6875 15.51457956 -0.393939394 1.262314605 0.5 84.3436191 1830.0 -10.128676043369865
1.6875 15.51457956 -0.393939394 1.262314605 0.5 85.19452266 1875.0 -10.206795346760716
2.06 20.01780488 -0.36637931 1.3896769690000002 0.769470978 86.79573993 1565.0 -10.806277099999999
2.0 22.60895136 -0.400390625 1.1972405000000002 0.620078731 85.83081779999999 1830.0 -10.44571129
2.375 12.107088000000001 -0.546666667 1.307292369 0.546490491 87.34499943 1675.0 -10.448919127345153
1.62 17.35595912 -0.264423077 1.336364536 0.803598715 85.27547145 925.0 -11.32155452
2.06 20.01780488 -0.36637931 1.3896769690000002 0.769470978 86.79573993 915.0 -11.39292953
1.5735294119999998 18.54869726 -0.23 1.3595404830000002 0.820010419 84.37750464 855.0 -11.68364519
2.06 20.01780488 -0.36637931 1.3896769690000002 0.769470978 86.79573993 845.0 -11.48015797
2.0 22.60895136 -0.400390625 1.1972405000000002 0.620078731 85.70155074 755.0 -11.34701619
1.62 17.35595912 -0.264423077 1.336364536 0.803598715 84.33483396 775.0 -11.56486528
2.0 22.60895136 -0.400390625 1.1972405000000002 0.620078731 85.83081779999999 975.0 -11.04884752
1.5735294119999998 18.54869726 -0.23 1.3595404830000002 0.820010419 84.37750464 725.0 -11.87580827
1.62 17.35595912 -0.264423077 1.336364536 0.803598715 84.33483396 735.0 -11.61619253
1.5735294119999998 18.54869726 -0.23 1.3595404830000002 0.820010419 84.37750464 1460.0 -11.04174528
1.6875 15.51457956 -0.393939394 1.262314605 0.5 85.19452266 1405.0 -10.519113677461105
1.62 17.35595912 -0.264423077 1.336364536 0.803598715 85.27547145 1045.0 -11.19850436
2.06 20.01780488 -0.36637931 1.3896769690000002 0.769470978 86.79573993 1365.0 -10.95550581
1.6875 15.51457956 -0.393939394 1.262314605 0.5 85.19452266 1010.0 -10.898442592909566
2.0 22.60895136 -0.400390625 1.1972405000000002 0.620078731 83.87988921 1225.0 -10.97820002
2.0 22.60895136 -0.400390625 1.1972405000000002 0.620078731 85.70155074 1485.0 -10.80136274
2.0 22.60895136 -0.400390625 1.1972405000000002 0.620078731 85.83081779999999 1430.0 -10.69302635
1.6875 15.51457956 -0.393939394 1.262314605 0.5 84.3436191 1220.0 -10.633287456692878
2.375 12.107088000000001 -0.546666667 1.307292369 0.546490491 87.34499943 1770.0 -10.393142726407445
1.62 17.35595912 -0.264423077 1.336364536 0.803598715 85.27547145 1550.0 -10.79078798
2.0 22.60895136 -0.400390625 1.1972405000000002 0.620078731 85.83081779999999 1720.0 -10.50897295
1.6875 15.51457956 -0.393939394 1.262314605 0.5 85.19452266 1540.0 -10.418132950678924
2.0 22.60895136 -0.400390625 1.1972405000000002 0.620078731 85.70155074 1975.0 -10.53320474
1.8 6.561576 -0.5 1.3779050309999998 0.763230027 85.72100355 1615.0 -10.828898895017472
2.0 22.60895136 -0.400390625 1.1972405000000002 0.620078731 83.87988921 1885.0 -10.57063097
1.8 6.561576 -0.5 1.3779050309999998 0.763230027 85.72100355 1865.0 -10.709305947391957
1.5735294119999998 18.54869726 -0.23 1.3595404830000002 0.820010419 84.37750464 1980.0 -10.6672141
2.06 20.01780488 -0.36637931 1.3896769690000002 0.769470978 86.79573993 900.0 -11.41103979
1.8 6.561576 -0.5 1.3779050309999998 0.763230027 85.72100355 890.0 -11.313528775077133
2.0 22.60895136 -0.400390625 1.1972405000000002 0.620078731 85.70155074 975.0 -11.15946789
1.5735294119999998 18.54869726 -0.23 1.3595404830000002 0.820010419 84.37750464 780.0 -11.79101547
1.62 17.35595912 -0.264423077 1.336364536 0.803598715 84.33483396 810.0 -11.52158157
2.0 22.60895136 -0.400390625 1.1972405000000002 0.620078731 85.70155074 835.0 -11.27641611
1.8 6.561576 -0.5 1.3779050309999998 0.763230027 85.72100355 700.0 -11.502199104710222
2.0 22.60895136 -0.400390625 1.1972405000000002 0.620078731 85.70155074 765.0 -11.33805336
1.5735294119999998 18.54869726 -0.23 1.3595404830000002 0.820010419 84.37750464 860.0 -11.67679353
2.375 12.107088000000001 -0.546666667 1.307292369 0.546490491 87.34499943 1385.0 -10.639477850630744
2.0 22.60895136 -0.400390625 1.1972405000000002 0.620078731 83.87988921 1085.0 -11.08476583
2.0 22.60895136 -0.400390625 1.1972405000000002 0.620078731 83.87988921 1370.0 -10.87643823
2.375 12.107088000000001 -0.546666667 1.307292369 0.546490491 87.34499943 1260.0 -10.733216232559851
1.62 17.35595912 -0.264423077 1.336364536 0.803598715 84.33483396 1025.0 -11.28401558
2.375 12.107088000000001 -0.546666667 1.307292369 0.546490491 87.34499943 1080.0 -10.884215905064694
1.5735294119999998 18.54869726 -0.23 1.3595404830000002 0.820010419 84.37750464 1045.0 -11.44583136
1.62 17.35595912 -0.264423077 1.336364536 0.803598715 85.27547145 1015.0 -11.22804096
2.0 22.60895136 -0.400390625 1.1972405000000002 0.620078731 83.87988921 1230.0 -10.97455167
2.375 12.107088000000001 -0.546666667 1.307292369 0.546490491 87.34499943 1670.0 -10.451935928709908
2.06 20.01780488 -0.36637931 1.3896769690000002 0.769470978 86.79573993 1720.0 -10.70327896
2.375 12.107088000000001 -0.546666667 1.307292369 0.546490491 87.34499943 1705.0 -10.430992870177997
1.6875 15.51457956 -0.393939394 1.262314605 0.5 85.19452266 1870.0 -10.209618475640212
1.5735294119999998 18.54869726 -0.23 1.3595404830000002 0.820010419 84.37750464 1830.0 -10.76454502
2.375 12.107088000000001 -0.546666667 1.307292369 0.546490491 87.34499943 1990.0 -10.274057063554508
1.6875 15.51457956 -0.393939394 1.262314605 0.5 84.3436191 1690.0 -10.223140147647126
2.375 12.107088000000001 -0.546666667 1.307292369 0.546490491 87.34499943 1945.0 -10.297371160534748
2.06 20.01780488 -0.36637931 1.3896769690000002 0.769470978 86.79573993 1585.0 -10.79242429
1.62 17.35595912 -0.264423077 1.336364536 0.803598715 84.33483396 880.0 -11.43920239
2.0 22.60895136 -0.400390625 1.1972405000000002 0.620078731 83.87988921 855.0 -11.28037169
1.5735294119999998 18.54869726 -0.23 1.3595404830000002 0.820010419 84.37750464 845.0 -11.697458099999999
1.5735294119999998 18.54869726 -0.23 1.3595404830000002 0.820010419 84.37750464 900.0 -11.62324654
2.0 22.60895136 -0.400390625 1.1972405000000002 0.620078731 85.83081779999999 865.0 -11.15104872
1.8 6.561576 -0.5 1.3779050309999998 0.763230027 85.72100355 730.0 -11.469582869089557
2.375 12.107088000000001 -0.546666667 1.307292369 0.546490491 87.34499943 715.0 -11.274725073375523
1.62 17.35595912 -0.264423077 1.336364536 0.803598715 84.33483396 795.0 -11.53995224
1.6875 15.51457956 -0.393939394 1.262314605 0.5 85.19452266 765.0 -11.242331265366127
1.6875 15.51457956 -0.393939394 1.262314605 0.5 84.3436191 1035.0 -10.857518558119807
2.0 22.60895136 -0.400390625 1.1972405000000002 0.620078731 85.70155074 1085.0 -11.07362704
2.0 22.60895136 -0.400390625 1.1972405000000002 0.620078731 83.87988921 1365.0 -10.87981371
2.0 22.60895136 -0.400390625 1.1972405000000002 0.620078731 83.87988921 1020.0 -11.13732384
1.62 17.35595912 -0.264423077 1.336364536 0.803598715 84.33483396 1320.0 -11.01791464
2.375 12.107088000000001 -0.546666667 1.307292369 0.546490491 87.34499943 1445.0 -10.597207204640924
1.5735294119999998 18.54869726 -0.23 1.3595404830000002 0.820010419 84.37750464 1360.0 -11.12817045
1.5735294119999998 18.54869726 -0.23 1.3595404830000002 0.820010419 84.37750464 1180.0 -11.3000282
1.6875 15.51457956 -0.393939394 1.262314605 0.5 84.3436191 1240.0 -10.611810036368698
1.5735294119999998 18.54869726 -0.23 1.3595404830000002 0.820010419 84.37750464 1685.0 -10.86618937
1.6875 15.51457956 -0.393939394 1.262314605 0.5 85.19452266 1515.0 -10.436024069601086
1.8 6.561576 -0.5 1.3779050309999998 0.763230027 85.72100355 1605.0 -10.834041969897228
2.06 20.01780488 -0.36637931 1.3896769690000002 0.769470978 86.79573993 1960.0 -10.56090567
1.6875 15.51457956 -0.393939394 1.262314605 0.5 84.3436191 1890.0 -10.090934134635795
2.0 22.60895136 -0.400390625 1.1972405000000002 0.620078731 83.87988921 1815.0 -10.60794724
1.8 6.561576 -0.5 1.3779050309999998 0.763230027 85.72100355 1800.0 -10.73885432059069
2.0 22.60895136 -0.400390625 1.1972405000000002 0.620078731 85.70155074 1780.0 -10.63289541
1.6875 15.51457956 -0.393939394 1.262314605 0.5 85.19452266 1995.0 -10.141519712568531
2.375 12.107088000000001 -0.546666667 1.307292369 0.546490491 87.34499943 945.0 -11.013007567790282
1.6875 15.51457956 -0.393939394 1.262314605 0.5 85.19452266 895.0 -11.044872513409274
2.0 22.60895136 -0.400390625 1.1972405000000002 0.620078731 83.87988921 775.0 -11.35492814
1.6875 15.51457956 -0.393939394 1.262314605 0.5 85.19452266 870.0 -11.079871589168846
1.6875 15.51457956 -0.393939394 1.262314605 0.5 84.3436191 980.0 -10.935029951507211
2.0 22.60895136 -0.400390625 1.1972405000000002 0.620078731 83.87988921 765.0 -11.36448551
1.8 6.561576 -0.5 1.3779050309999998 0.763230027 85.72100355 825.0 -11.37362054699225
1.62 17.35595912 -0.264423077 1.336364536 0.803598715 85.27547145 720.0 -11.56838558
1.5735294119999998 18.54869726 -0.23 1.3595404830000002 0.820010419 84.37750464 865.0 -11.669977900000001
2.0 22.60895136 -0.400390625 1.1972405000000002 0.620078731 85.83081779999999 1365.0 -10.73825602
2.06 20.01780488 -0.36637931 1.3896769690000002 0.769470978 86.79573993 1195.0 -11.10080482
1.62 17.35595912 -0.264423077 1.336364536 0.803598715 85.27547145 1045.0 -11.19850436
2.0 22.60895136 -0.400390625 1.1972405000000002 0.620078731 85.70155074 1130.0 -11.03999063
1.5735294119999998 18.54869726 -0.23 1.3595404830000002 0.820010419 84.37750464 1210.0 -11.26974791
1.6875 15.51457956 -0.393939394 1.262314605 0.5 84.3436191 1020.0 -10.878083479005655
1.6875 15.51457956 -0.393939394 1.262314605 0.5 85.19452266 1320.0 -10.588809559757022
2.06 20.01780488 -0.36637931 1.3896769690000002 0.769470978 86.79573993 1465.0 -10.87832667
1.6875 15.51457956 -0.393939394 1.262314605 0.5 85.19452266 1035.0 -10.869364092832754
1.8 6.561576 -0.5 1.3779050309999998 0.763230027 85.72100355 1915.0 -10.687240190403408
1.62 17.35595912 -0.264423077 1.336364536 0.803598715 85.27547145 1785.0 -10.64180946
1.62 17.35595912 -0.264423077 1.336364536 0.803598715 85.27547145 1690.0 -10.69968543
2.0 22.60895136 -0.400390625 1.1972405000000002 0.620078731 85.70155074 1945.0 -10.54801025
1.5735294119999998 18.54869726 -0.23 1.3595404830000002 0.820010419 84.37750464 1620.0 -10.91449573
1.62 17.35595912 -0.264423077 1.336364536 0.803598715 85.27547145 1535.0 -10.80100015
1.5735294119999998 18.54869726 -0.23 1.3595404830000002 0.820010419 84.37750464 1895.0 -10.72146178
1.6875 15.51457956 -0.393939394 1.262314605 0.5 84.3436191 1520.0 -10.352197703100861
2.0 22.60895136 -0.400390625 1.1972405000000002 0.620078731 85.83081779999999 1535.0 -10.62322085
2.0 22.60895136 -0.400390625 1.1972405000000002 0.620078731 85.70155074 760.0 -11.34253015
1.8 6.561576 -0.5 1.3779050309999998 0.763230027 85.72100355 815.0 -11.383242106951055
2.06 20.01780488 -0.36637931 1.3896769690000002 0.769470978 86.79573993 805.0 -11.53334517
1.6875 15.51457956 -0.393939394 1.262314605 0.5 85.19452266 955.0 -10.965703794433574
1.62 17.35595912 -0.264423077 1.336364536 0.803598715 85.27547145 735.0 -11.54840898
2.0 22.60895136 -0.400390625 1.1972405000000002 0.620078731 83.87988921 785.0 -11.34542285
1.5735294119999998 18.54869726 -0.23 1.3595404830000002 0.820010419 84.37750464 860.0 -11.67679353
2.375 12.107088000000001 -0.546666667 1.307292369 0.546490491 87.34499943 855.0 -11.108147022448161
1.8 6.561576 -0.5 1.3779050309999998 0.763230027 85.72100355 770.0 -11.42789369000579
2.0 22.60895136 -0.400390625 1.1972405000000002 0.620078731 85.83081779999999 1130.0 -10.91652676
1.6875 15.51457956 -0.393939394 1.262314605 0.5 84.3436191 1280.0 -10.570210555772473
1.5735294119999998 18.54869726 -0.23 1.3595404830000002 0.820010419 84.37750464 1420.0 -11.07562315
1.62 17.35595912 -0.264423077 1.336364536 0.803598715 84.33483396 1275.0 -11.05497474
2.0 22.60895136 -0.400390625 1.1972405000000002 0.620078731 85.83081779999999 1330.0 -10.76329376
1.8 6.561576 -0.5 1.3779050309999998 0.763230027 85.72100355 1345.0 -10.979683170015242
2.0 22.60895136 -0.400390625 1.1972405000000002 0.620078731 85.83081779999999 1415.0 -10.70332164
2.375 12.107088000000001 -0.546666667 1.307292369 0.546490491 87.34499943 1175.0 -10.801918325011128
1.62 17.35595912 -0.264423077 1.336364536 0.803598715 84.33483396 1100.0 -11.21074094
2.375 12.107088000000001 -0.546666667 1.307292369 0.546490491 87.34499943 1855.0 -10.345564793125707
1.6875 15.51457956 -0.393939394 1.262314605 0.5 84.3436191 1645.0 -10.255631507462837
2.0 22.60895136 -0.400390625 1.1972405000000002 0.620078731 85.70155074 1710.0 -10.67080486
1.6875 15.51457956 -0.393939394 1.262314605 0.5 84.3436191 1780.0 -10.161333714093125
2.0 22.60895136 -0.400390625 1.1972405000000002 0.620078731 85.70155074 1750.0 -10.64899641
1.62 17.35595912 -0.264423077 1.336364536 0.803598715 85.27547145 1980.0 -10.53158421
2.0 22.60895136 -0.400390625 1.1972405000000002 0.620078731 85.83081779999999 1555.0 -10.61035335
2.06 20.01780488 -0.36637931 1.3896769690000002 0.769470978 86.79573993 1695.0 -10.719244
2.0 22.60895136 -0.400390625 1.1972405000000002 0.620078731 83.87988921 1705.0 -10.6690231
1.6875 15.51457956 -0.393939394 1.262314605 0.5 84.3436191 865.0 -11.118635539350485
1.5735294119999998 18.54869726 -0.23 1.3595404830000002 0.820010419 84.37750464 845.0 -11.697458099999999
1.6875 15.51457956 -0.393939394 1.262314605 0.5 85.19452266 910.0 -11.024463888182304
2.0 22.60895136 -0.400390625 1.1972405000000002 0.620078731 85.83081779999999 985.0 -11.03991199
2.375 12.107088000000001 -0.546666667 1.307292369 0.546490491 87.34499943 780.0 -11.194251219210116
1.62 17.35595912 -0.264423077 1.336364536 0.803598715 84.33483396 700.0 -11.6628414
2.06 20.01780488 -0.36637931 1.3896769690000002 0.769470978 86.79573993 955.0 -11.34606383
2.0 22.60895136 -0.400390625 1.1972405000000002 0.620078731 83.87988921 995.0 -11.15809227
2.0 22.60895136 -0.400390625 1.1972405000000002 0.620078731 85.83081779999999 725.0 -11.29199659
1.5735294119999998 18.54869726 -0.23 1.3595404830000002 0.820010419 84.37750464 1175.0 -11.30514471
1.5735294119999998 18.54869726 -0.23 1.3595404830000002 0.820010419 84.37750464 1195.0 -11.28479925
1.8 6.561576 -0.5 1.3779050309999998 0.763230027 85.72100355 1130.0 -11.121734041174415
2.06 20.01780488 -0.36637931 1.3896769690000002 0.769470978 86.79573993 1235.0 -11.06482431
2.0 22.60895136 -0.400390625 1.1972405000000002 0.620078731 85.83081779999999 1080.0 -10.95780912
1.62 17.35595912 -0.264423077 1.336364536 0.803598715 84.33483396 1230.0 -11.0931872
2.0 22.60895136 -0.400390625 1.1972405000000002 0.620078731 83.87988921 1460.0 -10.81719382
1.62 17.35595912 -0.264423077 1.336364536 0.803598715 85.27547145 1000.0 -11.24310231
1.5735294119999998 18.54869726 -0.23 1.3595404830000002 0.820010419 84.37750464 1150.0 -11.33103598
2.06 20.01780488 -0.36637931 1.3896769690000002 0.769470978 86.79573993 1530.0 -10.83095364
2.375 12.107088000000001 -0.546666667 1.307292369 0.546490491 87.34499943 1835.0 -10.356572699986586
2.0 22.60895136 -0.400390625 1.1972405000000002 0.620078731 83.87988921 1505.0 -10.78860159
2.0 22.60895136 -0.400390625 1.1972405000000002 0.620078731 83.87988921 1590.0 -10.73634377
1.8 6.561576 -0.5 1.3779050309999998 0.763230027 85.72100355 1700.0 -10.78636764300113
1.5735294119999998 18.54869726 -0.23 1.3595404830000002 0.820010419 84.37750464 1550.0 -10.96862772
1.5735294119999998 18.54869726 -0.23 1.3595404830000002 0.820010419 84.37750464 1745.0 -10.82315218
1.8 6.561576 -0.5 1.3779050309999998 0.763230027 85.72100355 1765.0 -10.75519056982068
1.62 17.35595912 -0.264423077 1.336364536 0.803598715 85.27547145 1750.0 -10.66278795
2.375 12.107088000000001 -0.546666667 1.307292369 0.546490491 87.34499943 755.0 -11.22451423009234
2.0 22.60895136 -0.400390625 1.1972405000000002 0.620078731 85.70155074 845.0 -11.26777704
1.6875 15.51457956 -0.393939394 1.262314605 0.5 85.19452266 895.0 -11.044872513409274
2.06 20.01780488 -0.36637931 1.3896769690000002 0.769470978 86.79573993 785.0 -11.56094997
2.0 22.60895136 -0.400390625 1.1972405000000002 0.620078731 83.87988921 840.0 -11.29409053
2.0 22.60895136 -0.400390625 1.1972405000000002 0.620078731 85.70155074 995.0 -11.14346942
2.0 22.60895136 -0.400390625 1.1972405000000002 0.620078731 83.87988921 975.0 -11.17493453
1.6875 15.51457956 -0.393939394 1.262314605 0.5 84.3436191 880.0 -11.092787291179377
1.62 17.35595912 -0.264423077 1.336364536 0.803598715 84.33483396 905.0 -11.41103713
1.5735294119999998 18.54869726 -0.23 1.3595404830000002 0.820010419 84.37750464 1360.0 -11.12817045
2.0 22.60895136 -0.400390625 1.1972405000000002 0.620078731 85.83081779999999 1110.0 -10.93288631
1.6875 15.51457956 -0.393939394 1.262314605 0.5 84.3436191 1190.0 -10.66640385667413
2.0 22.60895136 -0.400390625 1.1972405000000002 0.620078731 85.83081779999999 1080.0 -10.95780912
1.62 17.35595912 -0.264423077 1.336364536 0.803598715 85.27547145 1195.0 -11.06136154
2.0 22.60895136 -0.400390625 1.1972405000000002 0.620078731 85.83081779999999 1370.0 -10.73471903
2.375 12.107088000000001 -0.546666667 1.307292369 0.546490491 87.34499943 1125.0 -10.844456505420967
2.375 12.107088000000001 -0.546666667 1.307292369 0.546490491 87.34499943 1090.0 -10.875254228187414
2.0 22.60895136 -0.400390625 1.1972405000000002 0.620078731 85.70155074 1330.0 -10.90009465
2.0 22.60895136 -0.400390625 1.1972405000000002 0.620078731 83.87988921 1865.0 -10.58117524
1.62 17.35595912 -0.264423077 1.336364536 0.803598715 85.27547145 1640.0 -10.73138373
2.375 12.107088000000001 -0.546666667 1.307292369 0.546490491 87.34499943 1945.0 -10.297371160534748
1.6875 15.51457956 -0.393939394 1.262314605 0.5 85.19452266 1980.0 -10.14942976748849
1.5735294119999998 18.54869726 -0.23 1.3595404830000002 0.820010419 84.37750464 1605.0 -10.92590546
2.06 20.01780488 -0.36637931 1.3896769690000002 0.769470978 86.79573993 1750.0 -10.68442606
1.6875 15.51457956 -0.393939394 1.262314605 0.5 85.19452266 1855.0 -10.218140253079417
1.6875 15.51457956 -0.393939394 1.262314605 0.5 85.19452266 1985.0 -10.146785495636196
2.0 22.60895136 -0.400390625 1.1972405000000002 0.620078731 85.70155074 1850.0 -10.59614539
