1.8 6.561576 -0.5 1.3779050309999998 0.763230027 85.72100355 930.0 -11.278498414188292
1.8 6.561576 -0.5 1.3779050309999998 0.763230027 85.72100355 785.0 -11.412756200544074
1.6875 15.51457956 -0.393939394 1.262314605 0.5 84.3436191 825.0 -11.190797165169663
1.62 17.35595912 -0.264423077 1.336364536 0.803598715 84.33483396 765.0 -11.57750611
2.0 22.60895136 -0.400390625 1.1972405000000002 0.620078731 85.70155074 890.0 -11.22943921
2.375 12.107088000000001 -0.546666667 1.307292369 0.546490491 87.34499943 720.0 -11.268322947296015
1.6875 15.51457956 -0.393939394 1.262314605 0.5 84.3436191 755.0 -11.329999142041888
2.0 22.60895136 -0.400390625 1.1972405000000002 0.620078731 85.70155074 980.0 -11.15545175
1.6875 15.51457956 -0.393939394 1.262314605 0.5 84.3436191 955.0 -10.972287955718343
1.6875 15.51457956 -0.393939394 1.262314605 0.5 85.19452266 1470.0 -10.469123295677864
1.6875 15.51457956 -0.393939394 1.262314605 0.5 85.19452266 1160.0 -10.735968763083477
2.0 22.60895136 -0.400390625 1.1972405000000002 0.620078731 83.87988921 1070.0 -11.09671354
2.0 22.60895136 -0.400390625 1.1972405000000002 0.620078731 83.87988921 1425.0 -10.83989874
2.0 22.60895136 -0.400390625 1.1972405000000002 0.620078731 85.70155074 1045.0 -11.10423827
2.0 22.60895136 -0.400390625 1.1972405000000002 0.620078731 85.70155074 1105.0 -11.05857411
2.0 22.60895136 -0.400390625 1.1972405000000002 0.620078731 83.87988921 1080.0 -11.08873653
1.5735294119999998 18.54869726 -0.23 1.3595404830000002 0.820010419 84.37750464 1095.0 -11.38989311
1.8 6.561576 -0.5 1.3779050309999998 0.763230027 85.72100355 1360.0 -10.970585366338927
1.8 6.561576 -0.5 1.3779050309999998 0.763230027 85.72100355 1720.0 -10.776655210671803
2.0 22.60895136 -0.400390625 1.1972405000000002 0.620078731 85.83081779999999 1875.0 -10.420736999999999
2.375 12.107088000000001 -0.546666667 1.307292369 0.546490491 87.34499943 1710.0 -10.428033829277407
2.06 20.01780488 -0.36637931 1.3896769690000002 0.769470978 86.79573993 1825.0 -10.63867973
2.06 20.01780488 -0.36637931 1.3896769690000002 0.769470978 86.79573993 1600.0 -10.78214959
2.06 20.01780488 -0.36637931 1.3896769690000002 0.769470978 86.79573993 1500.0 -10.85256128
1.6875 15.51457956 -0.393939394 1.262314605 0.5 85.19452266 1650.0 -10.3432738267252
1.8 6.561576 -0.5 1.3779050309999998 0.763230027 85.72100355 1915.0 -10.687240190403408
1.8 6.561576 -0.5 1.3779050309999998 0.763230027 85.72100355 1660.0 -10.80612378652785
2.375 12.107088000000001 -0.546666667 1.307292369 0.546490491 87.34499943 745.0 -11.236855211582824
2.0 22.60895136 -0.400390625 1.1972405000000002 0.620078731 85.83081779999999 735.0 -11.28151893
1.6875 15.51457956 -0.393939394 1.262314605 0.5 85.19452266 955.0 -10.965703794433574
1.8 6.561576 -0.5 1.3779050309999998 0.763230027 85.72100355 950.0 -11.261495214090566
1.6875 15.51457956 -0.393939394 1.262314605 0.5 85.19452266 715.0 -11.33023677051324
2.0 22.60895136 -0.400390625 1.1972405000000002 0.620078731 85.70155074 825.0 -11.28509789
1.62 17.35595912 -0.264423077 1.336364536 0.803598715 85.27547145 880.0 -11.37135792
1.5735294119999998 18.54869726 -0.23 1.3595404830000002 0.820010419 84.37750464 905.0 -11.61670614
1.5735294119999998 18.54869726 -0.23 1.3595404830000002 0.820010419 84.37750464 860.0 -11.67679353
1.62 17.35595912 -0.264423077 1.336364536 0.803598715 85.27547145 1015.0 -11.22804096
2.0 22.60895136 -0.400390625 1.1972405000000002 0.620078731 83.87988921 1155.0 -11.0303937
1.6875 15.51457956 -0.393939394 1.262314605 0.5 84.3436191 1195.0 -10.660807077128508
1.62 17.35595912 -0.264423077 1.336364536 0.803598715 84.33483396 1230.0 -11.0931872
2.0 22.60895136 -0.400390625 1.1972405000000002 0.620078731 85.70155074 1050.0 -11.10037462
2.0 22.60895136 -0.400390625 1.1972405000000002 0.620078731 85.83081779999999 1350.0 -10.74892634
2.0 22.60895136 -0.400390625 1.1972405000000002 0.620078731 85.83081779999999 1185.0 -10.87255673
2.06 20.01780488 -0.36637931 1.3896769690000002 0.769470978 86.79573993 1335.0 -10.97977284
2.375 12.107088000000001 -0.546666667 1.307292369 0.546490491 87.34499943 1270.0 -10.725411958013503
1.6875 15.51457956 -0.393939394 1.262314605 0.5 84.3436191 1745.0 -10.184889676191574
2.06 20.01780488 -0.36637931 1.3896769690000002 0.769470978 86.79573993 1785.0 -10.66283742
1.6875 15.51457956 -0.393939394 1.262314605 0.5 84.3436191 1610.0 -10.28169657045285
2.0 22.60895136 -0.400390625 1.1972405000000002 0.620078731 85.83081779999999 1825.0 -10.44851767
1.6875 15.51457956 -0.393939394 1.262314605 0.5 85.19452266 1525.0 -10.428826176133997
2.0 22.60895136 -0.400390625 1.1972405000000002 0.620078731 83.87988921 1840.0 -10.59448686
2.06 20.01780488 -0.36637931 1.3896769690000002 0.769470978 86.79573993 1560.0 -10.80976813
2.06 20.01780488 -0.36637931 1.3896769690000002 0.769470978 86.79573993 1730.0 -10.69695817
2.375 12.107088000000001 -0.546666667 1.307292369 0.546490491 87.34499943 1645.0 -10.467147409365529
2.0 22.60895136 -0.400390625 1.1972405000000002 0.620078731 85.70155074 740.0 -11.36052832
1.6875 15.51457956 -0.393939394 1.262314605 0.5 84.3436191 895.0 -11.06755545483554
2.375 12.107088000000001 -0.546666667 1.307292369 0.546490491 87.34499943 710.0 -11.281164328823941
2.0 22.60895136 -0.400390625 1.1972405000000002 0.620078731 85.83081779999999 950.0 -11.07143996
2.06 20.01780488 -0.36637931 1.3896769690000002 0.769470978 86.79573993 755.0 -11.60372098
1.62 17.35595912 -0.264423077 1.336364536 0.803598715 85.27547145 760.0 -11.51586645
1.62 17.35595912 -0.264423077 1.336364536 0.803598715 85.27547145 875.0 -11.37702827
1.5735294119999998 18.54869726 -0.23 1.3595404830000002 0.820010419 84.37750464 850.0 -11.69053325
2.375 12.107088000000001 -0.546666667 1.307292369 0.546490491 87.34499943 975.0 -10.983046295998808
1.8 6.561576 -0.5 1.3779050309999998 0.763230027 85.72100355 1045.0 -11.184958232119813
1.62 17.35595912 -0.264423077 1.336364536 0.803598715 85.27547145 1390.0 -10.90479606
1.62 17.35595912 -0.264423077 1.336364536 0.803598715 85.27547145 1410.0 -10.88989931
1.6875 15.51457956 -0.393939394 1.262314605 0.5 85.19452266 1105.0 -10.792368306072115
1.6875 15.51457956 -0.393939394 1.262314605 0.5 85.19452266 1065.0 -10.835600444478738
2.0 22.60895136 -0.400390625 1.1972405000000002 0.620078731 85.83081779999999 1400.0 -10.71370134
2.0 22.60895136 -0.400390625 1.1972405000000002 0.620078731 85.83081779999999 1445.0 -10.68281421
1.6875 15.51457956 -0.393939394 1.262314605 0.5 85.19452266 1380.0 -10.539078151790635
2.375 12.107088000000001 -0.546666667 1.307292369 0.546490491 87.34499943 1235.0 -10.752975822029606
1.5735294119999998 18.54869726 -0.23 1.3595404830000002 0.820010419 84.37750464 1870.0 -10.73786205
2.06 20.01780488 -0.36637931 1.3896769690000002 0.769470978 86.79573993 1660.0 -10.74199742
2.0 22.60895136 -0.400390625 1.1972405000000002 0.620078731 85.70155074 1865.0 -10.58841495
2.0 22.60895136 -0.400390625 1.1972405000000002 0.620078731 83.87988921 1620.0 -10.71841995
1.8 6.561576 -0.5 1.3779050309999998 0.763230027 85.72100355 1795.0 -10.741169379381793
1.8 6.561576 -0.5 1.3779050309999998 0.763230027 85.72100355 1700.0 -10.78636764300113
1.62 17.35595912 -0.264423077 1.336364536 0.803598715 84.33483396 1870.0 -10.63753075
2.0 22.60895136 -0.400390625 1.1972405000000002 0.620078731 85.83081779999999 1575.0 -10.59761677
1.8 6.561576 -0.5 1.3779050309999998 0.763230027 85.72100355 1585.0 -10.84442016449113
2.375 12.107088000000001 -0.546666667 1.307292369 0.546490491 87.34499943 815.0 -11.153230282101251
2.0 22.60895136 -0.400390625 1.1972405000000002 0.620078731 85.83081779999999 855.0 -11.16070608
1.62 17.35595912 -0.264423077 1.336364536 0.803598715 85.27547145 830.0 -11.4293694
1.62 17.35595912 -0.264423077 1.336364536 0.803598715 84.33483396 945.0 -11.36724679
1.62 17.35595912 -0.264423077 1.336364536 0.803598715 85.27547145 855.0 -11.39999555
1.62 17.35595912 -0.264423077 1.336364536 0.803598715 85.27547145 840.0 -11.41752915
1.5735294119999998 18.54869726 -0.23 1.3595404830000002 0.820010419 84.37750464 700.0 -11.91625641
1.5735294119999998 18.54869726 -0.23 1.3595404830000002 0.820010419 84.37750464 800.0 -11.76150378
2.06 20.01780488 -0.36637931 1.3896769690000002 0.769470978 86.79573993 950.0 -11.35181248
2.0 22.60895136 -0.400390625 1.1972405000000002 0.620078731 85.70155074 1210.0 -10.98221105
2.0 22.60895136 -0.400390625 1.1972405000000002 0.620078731 83.87988921 1375.0 -10.87307183
1.62 17.35595912 -0.264423077 1.336364536 0.803598715 85.27547145 1430.0 -10.87519652
1.62 17.35595912 -0.264423077 1.336364536 0.803598715 84.33483396 1170.0 -11.14605518
2.375 12.107088000000001 -0.546666667 1.307292369 0.546490491 87.34499943 1480.0 -10.573289807858657
2.0 22.60895136 -0.400390625 1.1972405000000002 0.620078731 83.87988921 1015.0 -11.14145248
1.5735294119999998 18.54869726 -0.23 1.3595404830000002 0.820010419 84.37750464 1300.0 -11.1829509
2.0 22.60895136 -0.400390625 1.1972405000000002 0.620078731 85.83081779999999 1495.0 -10.64935882
1.6875 15.51457956 -0.393939394 1.262314605 0.5 84.3436191 1070.0 -10.811088957529059
1.8 6.561576 -0.5 1.3779050309999998 0.763230027 85.72100355 1930.0 -10.680728131195005
1.62 17.35595912 -0.264423077 1.336364536 0.803598715 84.33483396 1850.0 -10.6494716
1.62 17.35595912 -0.264423077 1.336364536 0.803598715 84.33483396 1945.0 -10.5937684
2.06 20.01780488 -0.36637931 1.3896769690000002 0.769470978 86.79573993 1825.0 -10.63867973
1.6875 15.51457956 -0.393939394 1.262314605 0.5 84.3436191 1890.0 -10.090934134635795
1.6875 15.51457956 -0.393939394 1.262314605 0.5 84.3436191 1525.0 -10.348141264686156
2.0 22.60895136 -0.400390625 1.1972405000000002 0.620078731 83.87988921 1705.0 -10.6690231
2.0 22.60895136 -0.400390625 1.1972405000000002 0.620078731 85.70155074 1820.0 -10.61175767
2.06 20.01780488 -0.36637931 1.3896769690000002 0.769470978 86.79573993 1710.0 -10.7096368
1.6875 15.51457956 -0.393939394 1.262314605 0.5 85.19452266 715.0 -11.33023677051324
2.0 22.60895136 -0.400390625 1.1972405000000002 0.620078731 83.87988921 825.0 -11.30793011
2.375 12.107088000000001 -0.546666667 1.307292369 0.546490491 87.34499943 960.0 -10.997924340677509
2.375 12.107088000000001 -0.546666667 1.307292369 0.546490491 87.34499943 940.0 -11.01808187103923
2.0 22.60895136 -0.400390625 1.1972405000000002 0.620078731 85.83081779999999 830.0 -11.18512383
1.5735294119999998 18.54869726 -0.23 1.3595404830000002 0.820010419 84.37750464 855.0 -11.68364519
1.6875 15.51457956 -0.393939394 1.262314605 0.5 85.19452266 945.0 -10.978455632955999
1.62 17.35595912 -0.264423077 1.336364536 0.803598715 84.33483396 920.0 -11.39443604
1.6875 15.51457956 -0.393939394 1.262314605 0.5 85.19452266 990.0 -10.922359051759921
2.0 22.60895136 -0.400390625 1.1972405000000002 0.620078731 83.87988921 1270.0 -10.94573436
1.8 6.561576 -0.5 1.3779050309999998 0.763230027 85.72100355 1245.0 -11.042889681790124
1.62 17.35595912 -0.264423077 1.336364536 0.803598715 84.33483396 1160.0 -11.15509119
2.0 22.60895136 -0.400390625 1.1972405000000002 0.620078731 85.70155074 1075.0 -11.08121629
2.0 22.60895136 -0.400390625 1.1972405000000002 0.620078731 83.87988921 1180.0 -11.01151011
1.8 6.561576 -0.5 1.3779050309999998 0.763230027 85.72100355 1325.0 -10.991963197878082
1.8 6.561576 -0.5 1.3779050309999998 0.763230027 85.72100355 1485.0 -10.898251648954009
1.62 17.35595912 -0.264423077 1.336364536 0.803598715 84.33483396 1260.0 -11.06758076
2.0 22.60895136 -0.400390625 1.1972405000000002 0.620078731 85.83081779999999 1220.0 -10.84532575
2.0 22.60895136 -0.400390625 1.1972405000000002 0.620078731 85.70155074 1550.0 -10.76219085
1.62 17.35595912 -0.264423077 1.336364536 0.803598715 85.27547145 1670.0 -10.71225799
2.0 22.60895136 -0.400390625 1.1972405000000002 0.620078731 83.87988921 1740.0 -10.64925332
1.62 17.35595912 -0.264423077 1.336364536 0.803598715 85.27547145 1665.0 -10.71542317
1.6875 15.51457956 -0.393939394 1.262314605 0.5 85.19452266 1860.0 -10.215290875742687
1.5735294119999998 18.54869726 -0.23 1.3595404830000002 0.820010419 84.37750464 1615.0 -10.91828775
2.375 12.107088000000001 -0.546666667 1.307292369 0.546490491 87.34499943 1900.0 -10.321199372294526
1.6875 15.51457956 -0.393939394 1.262314605 0.5 84.3436191 1980.0 -10.037039551053358
2.0 22.60895136 -0.400390625 1.1972405000000002 0.620078731 83.87988921 1720.0 -10.66051081
2.375 12.107088000000001 -0.546666667 1.307292369 0.546490491 87.34499943 790.0 -11.182374439194154
2.0 22.60895136 -0.400390625 1.1972405000000002 0.620078731 85.70155074 885.0 -11.23365505
2.0 22.60895136 -0.400390625 1.1972405000000002 0.620078731 85.70155074 915.0 -11.20852616
2.375 12.107088000000001 -0.546666667 1.307292369 0.546490491 87.34499943 710.0 -11.281164328823941
1.8 6.561576 -0.5 1.3779050309999998 0.763230027 85.72100355 850.0 -11.350018423615833
2.0 22.60895136 -0.400390625 1.1972405000000002 0.620078731 85.70155074 725.0 -11.37411789
1.62 17.35595912 -0.264423077 1.336364536 0.803598715 85.27547145 980.0 -11.26349966
2.0 22.60895136 -0.400390625 1.1972405000000002 0.620078731 85.83081779999999 910.0 -11.10835659
1.8 6.561576 -0.5 1.3779050309999998 0.763230027 85.72100355 720.0 -11.480321289424316
1.5735294119999998 18.54869726 -0.23 1.3595404830000002 0.820010419 84.37750464 1045.0 -11.44583136
2.0 22.60895136 -0.400390625 1.1972405000000002 0.620078731 83.87988921 1335.0 -10.90026004
2.375 12.107088000000001 -0.546666667 1.307292369 0.546490491 87.34499943 1035.0 -10.925480900731346
1.5735294119999998 18.54869726 -0.23 1.3595404830000002 0.820010419 84.37750464 1280.0 -11.20174069
2.0 22.60895136 -0.400390625 1.1972405000000002 0.620078731 83.87988921 1060.0 -11.10473839
1.62 17.35595912 -0.264423077 1.336364536 0.803598715 84.33483396 1410.0 -10.94699271
2.375 12.107088000000001 -0.546666667 1.307292369 0.546490491 87.34499943 1365.0 -10.653942377858119
1.62 17.35595912 -0.264423077 1.336364536 0.803598715 84.33483396 1440.0 -10.92423598
2.0 22.60895136 -0.400390625 1.1972405000000002 0.620078731 83.87988921 1055.0 -11.10876888
2.0 22.60895136 -0.400390625 1.1972405000000002 0.620078731 85.70155074 1895.0 -10.57310245
1.6875 15.51457956 -0.393939394 1.262314605 0.5 84.3436191 1825.0 -10.131891062128712
2.375 12.107088000000001 -0.546666667 1.307292369 0.546490491 87.34499943 1735.0 -10.413358840752949
2.06 20.01780488 -0.36637931 1.3896769690000002 0.769470978 86.79573993 1970.0 -10.55536056
1.6875 15.51457956 -0.393939394 1.262314605 0.5 85.19452266 1635.0 -10.353132271164636
1.6875 15.51457956 -0.393939394 1.262314605 0.5 84.3436191 1545.0 -10.332085511877988
1.8 6.561576 -0.5 1.3779050309999998 0.763230027 85.72100355 1840.0 -10.720552279684178
1.6875 15.51457956 -0.393939394 1.262314605 0.5 84.3436191 1805.0 -10.144862657556093
1.6875 15.51457956 -0.393939394 1.262314605 0.5 85.19452266 1760.0 -10.274025485778596
1.6875 15.51457956 -0.393939394 1.262314605 0.5 84.3436191 930.0 -11.010933189116276
2.0 22.60895136 -0.400390625 1.1972405000000002 0.620078731 85.83081779999999 885.0 -11.13192056
1.62 17.35595912 -0.264423077 1.336364536 0.803598715 84.33483396 730.0 -11.62275469
2.375 12.107088000000001 -0.546666667 1.307292369 0.546490491 87.34499943 725.0 -11.261957543119706
1.62 17.35595912 -0.264423077 1.336364536 0.803598715 85.27547145 875.0 -11.37702827
2.0 22.60895136 -0.400390625 1.1972405000000002 0.620078731 83.87988921 810.0 -11.32189016
1.62 17.35595912 -0.264423077 1.336364536 0.803598715 84.33483396 830.0 -11.49749292
2.06 20.01780488 -0.36637931 1.3896769690000002 0.769470978 86.79573993 780.0 -11.56796236
2.0 22.60895136 -0.400390625 1.1972405000000002 0.620078731 85.83081779999999 950.0 -11.07143996
2.0 22.60895136 -0.400390625 1.1972405000000002 0.620078731 85.83081779999999 1400.0 -10.71370134
1.62 17.35595912 -0.264423077 1.336364536 0.803598715 85.27547145 1305.0 -10.97039473
1.6875 15.51457956 -0.393939394 1.262314605 0.5 85.19452266 1245.0 -10.654934877724772
1.6875 15.51457956 -0.393939394 1.262314605 0.5 85.19452266 1270.0 -10.632371277112592
1.6875 15.51457956 -0.393939394 1.262314605 0.5 84.3436191 1205.0 -10.64970734102657
1.6875 15.51457956 -0.393939394 1.262314605 0.5 84.3436191 1095.0 -10.779180163419367
1.6875 15.51457956 -0.393939394 1.262314605 0.5 84.3436191 1100.0 -10.772917627160759
1.62 17.35595912 -0.264423077 1.336364536 0.803598715 84.33483396 1200.0 -11.11933769
2.0 22.60895136 -0.400390625 1.1972405000000002 0.620078731 85.70155074 1200.0 -10.98929613
1.5735294119999998 18.54869726 -0.23 1.3595404830000002 0.820010419 84.37750464 1615.0 -10.91828775
2.0 22.60895136 -0.400390625 1.1972405000000002 0.620078731 83.87988921 1775.0 -10.62980127
2.0 22.60895136 -0.400390625 1.1972405000000002 0.620078731 85.83081779999999 1640.0 -10.55709765
2.0 22.60895136 -0.400390625 1.1972405000000002 0.620078731 83.87988921 1605.0 -10.72734896
1.6875 15.51457956 -0.393939394 1.262314605 0.5 85.19452266 1640.0 -10.349834428871178
2.0 22.60895136 -0.400390625 1.1972405000000002 0.620078731 83.87988921 1970.0 -10.52682262
2.06 20.01780488 -0.36637931 1.3896769690000002 0.769470978 86.79573993 1540.0 -10.82384572
2.0 22.60895136 -0.400390625 1.1972405000000002 0.620078731 85.70155074 1775.0 -10.63556398
1.6875 15.51457956 -0.393939394 1.262314605 0.5 85.19452266 1545.0 -10.414595760296429
2.0 22.60895136 -0.400390625 1.1972405000000002 0.620078731 85.70155074 705.0 -11.39234853
2.375 12.107088000000001 -0.546666667 1.307292369 0.546490491 87.34499943 715.0 -11.274725073375523
1.62 17.35595912 -0.264423077 1.336364536 0.803598715 84.33483396 805.0 -11.52767573
1.8 6.561576 -0.5 1.3779050309999998 0.763230027 85.72100355 745.0 -11.453716972165571
2.0 22.60895136 -0.400390625 1.1972405000000002 0.620078731 85.83081779999999 815.0 -11.19996375
1.6875 15.51457956 -0.393939394 1.262314605 0.5 84.3436191 940.0 -10.99530257359877
2.0 22.60895136 -0.400390625 1.1972405000000002 0.620078731 85.70155074 990.0 -11.14745253
1.62 17.35595912 -0.264423077 1.336364536 0.803598715 84.33483396 930.0 -11.38348944
2.0 22.60895136 -0.400390625 1.1972405000000002 0.620078731 83.87988921 850.0 -11.28493121
2.0 22.60895136 -0.400390625 1.1972405000000002 0.620078731 85.70155074 1250.0 -10.95425118
2.06 20.01780488 -0.36637931 1.3896769690000002 0.769470978 86.79573993 1185.0 -11.10998961
2.375 12.107088000000001 -0.546666667 1.307292369 0.546490491 87.34499943 1205.0 -10.777171656073323
1.62 17.35595912 -0.264423077 1.336364536 0.803598715 85.27547145 1420.0 -10.88252398
1.62 17.35595912 -0.264423077 1.336364536 0.803598715 84.33483396 1310.0 -11.0260541
1.62 17.35595912 -0.264423077 1.336364536 0.803598715 84.33483396 1375.0 -10.97408801
2.0 22.60895136 -0.400390625 1.1972405000000002 0.620078731 85.83081779999999 1495.0 -10.64935882
1.6875 15.51457956 -0.393939394 1.262314605 0.5 84.3436191 1270.0 -10.580446577659021
1.6875 15.51457956 -0.393939394 1.262314605 0.5 85.19452266 1295.0 -10.610337380670959
2.06 20.01780488 -0.36637931 1.3896769690000002 0.769470978 86.79573993 1800.0 -10.65371511
1.8 6.561576 -0.5 1.3779050309999998 0.763230027 85.72100355 1965.0 -10.665720244446243
1.8 6.561576 -0.5 1.3779050309999998 0.763230027 85.72100355 1885.0 -10.700412380908512
1.8 6.561576 -0.5 1.3779050309999998 0.763230027 85.72100355 1850.0 -10.716036289279751
1.6875 15.51457956 -0.393939394 1.262314605 0.5 84.3436191 1940.0 -10.060608289041665
1.62 17.35595912 -0.264423077 1.336364536 0.803598715 84.33483396 1550.0 -10.84424006
2.06 20.01780488 -0.36637931 1.3896769690000002 0.769470978 86.79573993 1730.0 -10.69695817
2.0 22.60895136 -0.400390625 1.1972405000000002 0.620078731 85.83081779999999 1630.0 -10.56324631
1.6875 15.51457956 -0.393939394 1.262314605 0.5 85.19452266 1585.0 -10.386773871616391
2.0 22.60895136 -0.400390625 1.1972405000000002 0.620078731 85.70155074 785.0 -11.32024148
2.375 12.107088000000001 -0.546666667 1.307292369 0.546490491 87.34499943 885.0 -11.075508163512978
1.6875 15.51457956 -0.393939394 1.262314605 0.5 85.19452266 765.0 -11.242331265366127
1.6875 15.51457956 -0.393939394 1.262314605 0.5 84.3436191 840.0 -11.163162825529987
2.0 22.60895136 -0.400390625 1.1972405000000002 0.620078731 85.70155074 840.0 -11.27209121
1.6875 15.51457956 -0.393939394 1.262314605 0.5 85.19452266 730.0 -11.30303940701613
1.62 17.35595912 -0.264423077 1.336364536 0.803598715 84.33483396 830.0 -11.49749292
1.6875 15.51457956 -0.393939394 1.262314605 0.5 84.3436191 860.0 -11.127393401865177
2.0 22.60895136 -0.400390625 1.1972405000000002 0.620078731 85.83081779999999 810.0 -11.20494206
1.5735294119999998 18.54869726 -0.23 1.3595404830000002 0.820010419 84.37750464 1395.0 -11.09725813
2.375 12.107088000000001 -0.546666667 1.307292369 0.546490491 87.34499943 1340.0 -10.672298579711128
2.0 22.60895136 -0.400390625 1.1972405000000002 0.620078731 85.70155074 1310.0 -10.91341941
1.62 17.35595912 -0.264423077 1.336364536 0.803598715 84.33483396 1010.0 -11.29920395
1.6875 15.51457956 -0.393939394 1.262314605 0.5 85.19452266 1120.0 -10.776650589919198
2.0 22.60895136 -0.400390625 1.1972405000000002 0.620078731 83.87988921 1455.0 -10.82041199
1.6875 15.51457956 -0.393939394 1.262314605 0.5 85.19452266 1200.0 -10.696966072759182
1.6875 15.51457956 -0.393939394 1.262314605 0.5 84.3436191 1015.0 -10.88503139967116
1.62 17.35595912 -0.264423077 1.336364536 0.803598715 84.33483396 1220.0 -11.10184248
1.6875 15.51457956 -0.393939394 1.262314605 0.5 85.19452266 1885.0 -10.201174969598341
2.06 20.01780488 -0.36637931 1.3896769690000002 0.769470978 86.79573993 1870.0 -10.61213045
2.06 20.01780488 -0.36637931 1.3896769690000002 0.769470978 86.79573993 1605.0 -10.7787462
1.62 17.35595912 -0.264423077 1.336364536 0.803598715 85.27547145 1830.0 -10.61539868
1.5735294119999998 18.54869726 -0.23 1.3595404830000002 0.820010419 84.37750464 1910.0 -10.71172099
2.0 22.60895136 -0.400390625 1.1972405000000002 0.620078731 85.70155074 1885.0 -10.57818484
1.62 17.35595912 -0.264423077 1.336364536 0.803598715 85.27547145 1895.0 -10.57831085
1.62 17.35595912 -0.264423077 1.336364536 0.803598715 84.33483396 1615.0 -10.79932034
1.5735294119999998 18.54869726 -0.23 1.3595404830000002 0.820010419 84.37750464 2000.0 -10.65477552
1.6875 15.51457956 -0.393939394 1.262314605 0.5 85.19452266 750.0 -11.267895393815573
1.62 17.35595912 -0.264423077 1.336364536 0.803598715 84.33483396 745.0 -11.60316745
2.0 22.60895136 -0.400390625 1.1972405000000002 0.620078731 85.83081779999999 990.0 -11.03546572
2.375 12.107088000000001 -0.546666667 1.307292369 0.546490491 87.34499943 765.0 -11.21230940518696
1.6875 15.51457956 -0.393939394 1.262314605 0.5 85.19452266 960.0 -10.95939068201303
1.5735294119999998 18.54869726 -0.23 1.3595404830000002 0.820010419 84.37750464 825.0 -11.72553329
1.8 6.561576 -0.5 1.3779050309999998 0.763230027 85.72100355 880.0 -11.322509740565438
1.62 17.35595912 -0.264423077 1.336364536 0.803598715 85.27547145 920.0 -11.326982000000001
1.5735294119999998 18.54869726 -0.23 1.3595404830000002 0.820010419 84.37750464 870.0 -11.66319792
2.06 20.01780488 -0.36637931 1.3896769690000002 0.769470978 86.79573993 1250.0 -11.05163353
2.0 22.60895136 -0.400390625 1.1972405000000002 0.620078731 83.87988921 1175.0 -11.0152649
2.0 22.60895136 -0.400390625 1.1972405000000002 0.620078731 85.70155074 1195.0 -10.99285314
1.62 17.35595912 -0.264423077 1.336364536 0.803598715 85.27547145 1265.0 -11.00263351
2.06 20.01780488 -0.36637931 1.3896769690000002 0.769470978 86.79573993 1440.0 -10.89711266
1.8 6.561576 -0.5 1.3779050309999998 0.763230027 85.72100355 1430.0 -10.929341322091483
1.6875 15.51457956 -0.393939394 1.262314605 0.5 85.19452266 1480.0 -10.461665354629545
1.6875 15.51457956 -0.393939394 1.262314605 0.5 85.19452266 1465.0 -10.472874818427002
1.62 17.35595912 -0.264423077 1.336364536 0.803598715 84.33483396 1475.0 -10.89821053
1.8 6.561576 -0.5 1.3779050309999998 0.763230027 85.72100355 1560.0 -10.857569308600128
1.8 6.561576 -0.5 1.3779050309999998 0.763230027 85.72100355 1880.0 -10.702627264851799
2.0 22.60895136 -0.400390625 1.1972405000000002 0.620078731 85.83081779999999 1685.0 -10.52979854
2.0 22.60895136 -0.400390625 1.1972405000000002 0.620078731 85.70155074 1585.0 -10.74160551
2.375 12.107088000000001 -0.546666667 1.307292369 0.546490491 87.34499943 1775.0 -10.39028531460446
1.62 17.35595912 -0.264423077 1.336364536 0.803598715 84.33483396 1915.0 -10.61108483
1.8 6.561576 -0.5 1.3779050309999998 0.763230027 85.72100355 1655.0 -10.808625130330519
1.62 17.35595912 -0.264423077 1.336364536 0.803598715 84.33483396 1975.0 -10.57669516
1.6875 15.51457956 -0.393939394 1.262314605 0.5 84.3436191 1750.0 -10.181488180623585
